-0.011651
-0.011163
-0.011285
-0.010736
-0.010919
-0.01159
-0.011529
-0.010736
-0.010675
-0.011651
-0.011407
-0.010736
-0.011346
-0.011651
-0.01159
-0.011285
-0.011102
-0.011773
-0.011712
-0.011407
-0.011346
-0.011834
-0.011102
-0.011651
-0.01098
-0.011285
-0.011041
-0.010248
-0.01098
-0.012261
-0.010919
-0.010492
-0.011102
-0.012078
-0.011651
-0.011468
-0.011163
-0.010736
-0.011834
-0.011651
-0.011285
-0.011102
-0.010919
-0.010675
-0.011529
-0.011102
-0.011468
-0.011285
-0.01159
-0.011468
-0.011346
-0.011407
-0.010492
-0.011468
-0.011407
-0.011773
-0.011956
-0.011651
-0.011834
-0.011346
-0.010858
-0.011224
-0.011407
-0.010736
-0.011529
-0.010614
-0.011468
-0.011346
-0.011224
-0.011468
-0.011285
-0.011224
-0.010675
-0.010797
-0.012078
-0.01098
-0.010797
-0.010309
-0.011529
-0.010736
-0.011285
-0.010736
-0.010614
-0.011346
-0.011834
-0.011529
-0.012261
-0.011346
-0.01159
-0.011102
-0.011224
-0.010492
-0.010858
-0.01037
-0.011468
-0.010797
-0.011834
-0.011041
-0.01098
-0.011529
-0.011346
-0.011102
-0.010553
-0.01098
-0.011224
-0.011651
-0.011834
-0.011529
-0.010736
-0.011163
-0.01098
-0.011285
-0.011102
-0.011224
-0.011346
-0.011285
-0.012078
-0.011468
-0.010675
-0.010797
-0.010431
-0.010919
-0.011651
-0.011346
-0.01098
-0.011102
-0.011468
-0.011224
-0.010797
-0.012017
-0.011529
-0.010675
-0.011956
-0.011041
-0.011712
-0.01098
-0.011712
-0.011102
-0.011407
-0.01098
-0.010919
-0.011834
-0.010309
-0.010858
-0.011285
-0.011346
-0.010736
-0.011346
-0.01098
-0.010614
-0.011529
-0.011102
-0.01098
-0.011468
-0.010736
-0.011102
-0.011346
-0.010919
-0.011102
-0.011834
-0.011102
-0.011895
-0.01098
-0.01037
-0.011468
-0.011407
-0.011773
-0.01159
-0.010736
-0.011102
-0.010492
-0.011712
-0.010492
-0.01098
-0.011529
-0.010309
-0.011529
-0.011041
-0.011102
-0.011407
-0.011224
-0.011285
-0.011224
-0.011468
-0.010797
-0.011529
-0.009821
-0.011346
-0.010858
-0.011163
-0.011651
-0.011285
-0.010858
-0.011346
-0.01098
-0.011041
-0.01098
-0.010858
-0.011041
-0.011468
-0.011224
-0.010919
-0.011163
-0.010919
-0.012017
-0.011529
-0.010797
-0.01098
-0.011834
-0.011651
-0.010919
-0.011285
-0.010309
-0.010797
-0.010553
-0.010675
-0.011651
-0.01098
-0.011712
-0.011651
-0.011163
-0.011224
-0.011163
-0.010858
-0.01159
-0.012139
-0.011407
-0.010858
-0.011041
-0.010675
-0.011102
-0.011346
-0.011529
-0.011712
-0.01098
-0.011712
-0.011041
-0.011346
-0.010797
-0.011346
-0.011163
-0.011651
-0.011773
-0.011285
-0.010187
-0.010614
-0.011346
-0.010736
-0.011041
-0.011529
-0.011224
-0.010858
-0.01098
-0.011895
-0.01159
-0.010736
-0.011407
-0.011285
-0.011102
-0.011041
-0.010675
-0.011407
-0.011346
-0.011407
-0.011895
-0.011834
-0.01159
-0.011529
-0.011651
-0.01098
-0.011407
-0.010797
-0.011102
-0.012139
-0.011346
-0.010797
-0.010553
-0.01098
-0.011041
-0.010675
-0.011834
-0.010797
-0.011407
-0.01037
-0.011163
-0.011102
-0.011834
-0.011346
-0.011224
-0.011102
-0.011163
-0.011041
-0.011651
-0.010675
-0.011407
-0.011224
-0.010492
-0.010858
-0.011346
-0.010797
-0.012139
-0.011102
-0.011712
-0.011224
-0.011163
-0.011224
-0.011346
-0.011163
-0.01159
-0.011285
-0.011468
-0.011163
-0.0122
-0.01098
-0.011895
-0.01098
-0.011285
-0.011529
-0.01159
-0.011407
-0.011346
-0.011102
-0.011895
-0.010919
-0.01098
-0.011285
-0.011224
-0.011773
-0.011712
-0.010797
-0.010614
-0.010675
-0.011346
-0.010858
-0.011407
-0.011529
-0.011834
-0.012139
-0.010919
-0.010675
-0.011834
-0.010614
-0.011163
-0.010736
-0.011285
-0.010919
-0.011041
-0.010492
-0.01159
-0.011468
-0.010614
-0.011407
-0.011773
-0.011285
-0.011224
-0.011285
-0.011651
-0.010858
-0.011285
-0.011163
-0.01098
-0.011773
-0.010675
-0.010614
-0.011468
-0.011102
-0.010614
-0.01098
-0.011468
-0.011041
-0.010797
-0.011041
-0.011102
-0.011468
-0.011224
-0.011285
-0.011651
-0.011285
-0.011407
-0.01159
-0.011285
-0.010919
-0.011041
-0.010248
-0.009943
-0.012017
-0.010797
-0.010858
-0.011224
-0.011468
-0.011163
-0.011285
-0.011346
-0.010248
-0.011041
-0.010309
-0.011651
-0.010492
-0.011468
-0.011651
-0.01159
-0.011407
-0.010797
-0.011285
-0.011468
-0.01159
-0.011285
-0.010736
-0.010675
-0.011285
-0.011346
-0.011651
-0.011224
-0.010187
-0.011407
-0.010553
-0.010736
-0.010797
-0.011224
-0.010126
-0.011224
-0.011041
-0.010309
-0.01098
-0.011224
-0.010736
-0.011102
-0.010858
-0.011834
-0.010858
-0.011651
-0.010797
-0.010675
-0.010736
-0.010797
-0.010736
-0.011895
-0.011224
-0.011407
-0.011224
-0.012078
-0.011041
-0.011834
-0.01037
-0.011041
-0.011468
-0.01098
-0.011407
-0.011224
-0.011346
-0.011529
-0.011651
-0.010309
-0.01159
-0.011163
-0.011346
-0.010309
-0.011224
-0.009882
-0.011407
-0.010675
-0.010858
-0.011651
-0.011773
-0.010675
-0.010919
-0.011346
-0.01098
-0.011041
-0.011712
-0.011529
-0.010919
-0.011468
-0.011224
-0.010614
-0.011346
-0.011468
-0.011163
-0.011407
-0.011346
-0.01037
-0.011651
-0.011407
-0.010797
-0.011468
-0.011712
-0.010858
-0.010736
-0.011041
-0.010797
-0.010675
-0.011346
-0.010736
-0.010919
-0.010248
-0.011712
-0.011346
-0.010004
-0.011102
-0.011346
-0.012383
-0.011163
-0.011102
-0.011041
-0.011468
-0.01159
-0.011407
-0.010736
-0.011834
-0.010858
-0.011224
-0.011468
-0.010736
-0.011163
-0.011529
-0.011285
-0.011041
-0.011895
-0.011163
-0.010919
-0.011285
-0.010736
-0.010675
-0.011224
-0.011468
-0.011651
-0.011285
-0.011468
-0.011224
-0.010614
-0.011529
-0.011163
-0.010797
-0.012383
-0.011285
-0.010919
-0.011773
-0.011468
-0.011224
-0.011712
-0.011773
-0.011468
-0.01098
-0.010553
-0.012444
-0.011468
-0.010797
-0.010736
-0.010797
-0.012017
-0.01098
-0.011285
-0.01159
-0.011163
-0.011346
-0.012505
-0.010553
-0.011468
-0.010797
-0.011102
-0.010919
-0.01159
-0.011163
-0.01159
-0.01098
-0.011529
-0.011346
-0.011041
-0.011407
-0.01098
-0.011102
-0.011834
-0.011468
-0.010919
-0.011468
-0.010736
-0.011285
-0.011346
-0.011285
-0.011041
-0.011346
-0.011834
-0.01098
-0.011468
-0.011346
-0.010126
-0.010797
-0.011956
-0.010553
-0.011529
-0.011102
-0.01098
-0.011346
-0.011224
-0.010919
-0.011285
-0.01098
-0.011224
-0.010858
-0.011285
-0.010675
-0.010736
-0.011224
-0.011773
-0.011529
-0.011468
-0.011102
-0.01037
-0.010858
-0.011834
-0.011102
-0.011285
-0.011529
-0.011102
-0.010919
-0.010431
-0.011102
-0.011834
-0.010919
-0.011712
-0.011773
-0.010675
-0.01159
-0.011773
-0.011041
-0.010248
-0.011163
-0.011285
-0.011102
-0.011163
-0.011224
-0.010553
-0.01037
-0.011468
-0.010797
-0.010614
-0.01037
-0.010492
-0.01098
-0.011651
-0.011163
-0.010797
-0.011224
-0.011102
-0.01098
-0.011407
-0.011224
-0.010675
-0.011041
-0.011102
-0.010797
-0.011895
-0.011346
-0.011041
-0.011224
-0.011834
-0.010919
-0.010553
-0.010919
-0.011041
-0.011285
-0.011102
-0.010797
-0.009943
-0.010614
-0.010675
-0.010492
-0.011468
-0.010919
-0.010675
-0.011346
-0.011163
-0.010614
-0.011224
-0.010614
-0.011102
-0.011285
-0.011529
-0.011468
-0.010736
-0.011285
-0.010614
-0.011712
-0.010797
-0.011407
-0.01098
-0.011224
-0.01098
-0.011407
-0.011163
-0.011834
-0.011529
-0.011102
-0.012078
-0.010858
-0.011102
-0.011163
-0.011956
-0.011285
-0.011651
-0.011041
-0.010553
-0.010492
-0.01159
-0.011163
-0.011041
-0.011651
-0.01159
-0.010858
-0.011468
-0.01159
-0.011773
-0.011834
-0.011102
-0.010675
-0.011163
-0.011285
-0.010858
-0.011529
-0.010797
-0.01159
-0.010797
-0.011224
-0.010736
-0.011468
-0.011529
-0.010919
-0.011224
-0.010797
-0.011346
-0.011224
-0.011346
-0.011773
-0.011285
-0.011224
-0.011712
-0.011407
-0.010919
-0.011041
-0.011163
-0.01037
-0.011285
-0.011346
-0.010431
-0.011346
-0.010553
-0.011651
-0.010614
-0.010797
-0.011285
-0.011163
-0.010614
-0.011529
-0.011041
-0.011224
-0.011407
-0.010431
-0.010797
-0.011407
-0.011285
-0.011224
-0.01098
-0.010797
-0.01159
-0.011712
-0.010187
-0.011529
-0.010126
-0.01281
-0.011346
-0.010858
-0.011834
-0.011773
-0.010858
-0.011468
-0.010797
-0.011224
-0.010736
-0.010858
-0.011224
-0.010736
-0.011651
-0.011834
-0.010309
-0.011041
-0.011529
-0.011346
-0.011224
-0.011346
-0.011529
-0.011712
-0.011529
-0.011163
-0.011468
-0.011346
-0.011285
-0.01159
-0.011102
-0.011834
-0.011407
-0.010736
-0.010797
-0.011651
-0.011773
-0.010675
-0.01098
-0.011102
-0.011224
-0.011956
-0.011163
-0.012017
-0.01098
-0.011102
-0.01098
-0.011712
-0.011773
-0.011956
-0.011224
-0.01159
-0.011102
-0.012261
-0.010797
-0.011834
-0.011163
-0.012078
-0.01098
-0.011102
-0.010675
-0.011224
-0.011895
-0.011285
-0.012261
-0.010431
-0.011956
-0.010858
-0.011529
-0.010614
-0.010858
-0.011041
-0.012566
-0.01037
-0.011529
-0.011285
-0.01098
-0.010919
-0.011468
-0.011163
-0.011529
-0.010675
-0.011468
-0.011285
-0.011651
-0.011102
-0.011224
-0.011834
-0.011285
-0.010431
-0.011712
-0.011041
-0.011651
-0.011346
-0.010797
-0.011346
-0.011041
-0.01098
-0.010553
-0.010492
-0.010919
-0.01159
-0.011163
-0.010553
-0.011102
-0.011468
-0.010919
-0.011285
-0.010492
-0.011529
-0.010004
-0.011468
-0.010736
-0.010797
-0.010919
-0.010614
-0.011224
-0.011895
-0.01037
-0.011346
-0.010614
-0.010126
-0.010919
-0.010614
-0.010553
-0.010614
-0.010797
-0.011224
-0.011346
-0.011224
-0.010736
-0.011102
-0.011529
-0.01098
-0.010858
-0.011285
-0.010675
-0.01159
-0.011285
-0.011529
-0.010797
-0.011285
-0.010614
-0.010858
-0.01098
-0.011468
-0.011163
-0.010431
-0.010553
-0.011163
-0.010736
-0.011346
-0.011407
-0.011468
-0.010858
-0.011224
-0.010492
-0.010736
-0.011468
-0.010614
-0.011163
-0.011773
-0.011468
-0.010736
-0.011224
-0.010492
-0.011041
-0.011346
-0.01159
-0.010919
-0.010797
-0.011102
-0.012017
-0.010614
-0.011407
-0.01098
-0.01037
-0.011224
-0.011346
-0.010736
-0.010187
-0.010492
-0.011407
-0.011163
-0.011285
-0.011163
-0.011773
-0.011224
-0.011407
-0.011346
-0.010736
-0.011163
-0.010736
-0.010797
-0.011712
-0.011224
-0.01159
-0.011346
-0.010126
-0.011468
-0.011224
-0.010919
-0.011163
-0.01098
-0.011529
-0.011651
-0.011468
-0.010614
-0.010675
-0.011834
-0.011102
-0.01159
-0.011834
-0.010675
-0.010492
-0.011468
-0.01159
-0.011834
-0.011773
-0.010858
-0.011102
-0.011712
-0.011956
-0.01159
-0.011895
-0.010797
-0.010614
-0.011102
-0.010797
-0.011285
-0.010126
-0.011285
-0.01098
-0.010797
-0.010614
-0.010919
-0.011895
-0.011651
-0.010858
-0.011529
-0.010919
-0.01159
-0.010797
-0.011407
-0.011712
-0.010736
-0.010614
-0.01159
-0.010797
-0.010492
-0.010919
-0.011712
-0.01098
-0.011773
-0.010614
-0.011468
-0.011407
-0.011651
-0.011163
-0.010919
-0.011529
-0.011834
-0.011224
-0.011712
-0.011163
-0.011468
-0.009821
-0.011468
-0.011956
-0.010553
-0.01098
-0.010736
-0.011651
-0.010797
-0.010004
-0.011712
-0.010614
-0.010309
-0.010431
-0.010187
-0.011224
-0.010919
-0.01037
-0.011285
-0.010431
-0.011468
-0.011163
-0.010858
-0.012017
-0.010858
-0.010004
-0.011712
-0.011468
-0.010736
-0.011407
-0.009638
-0.012566
-0.010431
-0.009882
-0.012261
-0.011285
-0.01098
-0.011468
-0.009882
-0.013176
-0.009882
-0.011651
-0.009699
-0.014335
-0.007076
-0.016043
-0.006527
-0.01525
-0.01281
-0.012627
-0.008601
-0.014396
-0.007869
-0.013542
-0.011041
-0.010431
-0.009943
-0.012749
-0.008845
-0.012871
-0.009638
-0.012078
-0.01098
-0.010675
-0.010248
-0.011285
-0.011529
-0.011956
-0.011163
-0.010858
-0.011712
-0.011041
-0.01098
-0.011285
-0.010431
-0.01159
-0.010309
-0.012078
-0.011163
-0.011285
-0.010553
-0.010492
-0.011102
-0.009821
-0.011346
-0.009638
-0.010309
-0.011346
-0.010919
-0.01098
-0.012871
-0.00976
-0.01342
-0.009699
-0.012017
-0.00976
-0.01281
-0.009272
-0.013908
-0.007869
-0.013725
-0.010126
-0.012566
-0.009455
-0.014274
-0.007869
-0.016226
-0.008113
-0.013725
-0.010248
-0.014213
-0.005612
-0.0183
-0.00305
-0.018239
-0.006161
-0.013359
-0.06649
-0.025254
-0.018971
-0.013664
