-0.165066
-0.130906
-0.144997
-0.154391
-0.128466
-0.077531
-0.046665
-0.044957
-0.075152
-0.076555
-0.030866
0.001647
-0.159576
-0.211121
-0.203618
-0.194773
-0.186721
-0.181658
-0.164761
-0.123403
-0.127734
-0.10492
-0.034038
-0.009211
-0.032269
-0.032086
0.032879
0.04636
-0.034465
-0.097905
-0.11285
-0.159637
-0.140239
-0.146156
-0.151158
-0.132431
-0.127002
-0.109129
-0.118767
-0.091561
-0.069845
0.030256
-0.120719
-0.199165
-0.192089
-0.20252
-0.20008
-0.208864
-0.193187
-0.212036
-0.134322
-0.11163
-0.05856
-0.043676
-0.056791
-0.086315
-0.0183
-0.029829
-0.12688
-0.150609
-0.146217
-0.184525
-0.173789
-0.216367
-0.194041
-0.191235
-0.134444
-0.125111
-0.108641
-0.078812
-0.034038
-0.048983
-0.032147
-0.101443
-0.196664
-0.224053
-0.170129
-0.161345
-0.157197
-0.157319
-0.143838
-0.110654
-0.094489
-0.030256
-0.016592
0.003721
-0.02928
-0.024827
0.050813
0.022387
-0.069784
-0.091134
-0.077409
-0.153598
-0.180865
-0.148474
-0.048861
0.036173
0.079422
0.004819
-0.092781
-0.10004
-0.051301
0.019154
-0.062708
-0.206241
-0.191235
-0.180011
-0.213134
-0.210877
-0.190442
-0.173301
-0.112606
-0.124623
-0.102419
-0.055571
-0.049227
-0.009028
0.014091
0.033306
0.013359
-0.104554
-0.08723
-0.126148
-0.155428
-0.145668
-0.114741
-0.149633
-0.108397
-0.097234
-0.05795
-0.014945
0.010248
0.041297
0.057096
-0.046299
-0.150853
-0.146583
-0.173362
-0.195871
-0.198677
-0.176046
-0.17324
-0.11773
-0.026779
-0.036295
-0.077287
-0.041724
0.002867
0.036661
0.015799
-0.177327
-0.152378
-0.171471
-0.16592
-0.154208
-0.126087
-0.123464
-0.122366
-0.101443
-0.050142
-0.018727
0.003538
-0.019032
-0.061732
-0.05002
-0.048678
-0.128344
-0.116083
-0.185867
-0.195383
-0.17751
-0.15677
-0.092903
-0.036844
-0.021899
-0.05856
-0.062952
-0.057401
-0.02989
-0.081984
-0.10248
-0.07503
-0.101016
-0.115107
-0.12017
-0.1098
-0.090097
-0.064233
-0.043798
-0.055327
-0.007259
-0.056303
-0.172874
-0.179462
-0.146888
-0.199775
-0.213744
-0.243329
-0.095953
-0.079727
-0.043859
-0.048251
-0.040504
0.012505
0.044408
0.067832
-0.147742
-0.107909
-0.130479
-0.138165
-0.135298
-0.145973
-0.141642
-0.096197
-0.10309
-0.08296
-0.047397
-0.060817
-0.125477
-0.18178
-0.214964
-0.195322
-0.200873
-0.189771
-0.192577
-0.147925
-0.090707
-0.051423
-0.029463
0.059231
0.042761
-0.004697
-0.105835
-0.110715
-0.127917
-0.163175
-0.125965
-0.122976
-0.064355
-0.038491
-0.028853
-0.071126
-0.080276
-0.050691
-0.098881
-0.158905
-0.143716
-0.193858
-0.166042
-0.165127
-0.185562
-0.143655
-0.110105
-0.036783
0.02013
0.057584
0.058011
0.032757
-0.092659
-0.128283
-0.118584
-0.206851
-0.231617
-0.200019
-0.211914
-0.172081
-0.107848
-0.08906
-0.127246
-0.064721
-0.108458
-0.078385
-0.251808
-0.216245
-0.210084
-0.2745
-0.271999
-0.228567
-0.210084
-0.214659
-0.171593
-0.142191
-0.133834
-0.10187
0.018849
0.096197
0.069845
-0.021777
-0.114619
-0.127734
-0.107848
-0.112301
-0.14579
-0.160247
-0.129198
-0.075091
-0.036417
-0.003111
-0.017141
-0.036539
-0.026718
-0.053009
-0.189405
-0.195078
-0.093269
-0.129625
-0.108214
-0.125233
-0.073139
-0.022692
-0.003965
0.005307
0.012871
0.020252
0.058072
-0.047946
-0.042334
-0.072773
-0.07747
-0.126392
-0.126148
-0.150365
-0.108519
0.002806
0.026901
0.039345
0.012932
-0.094733
-0.17568
-0.082472
-0.053314
-0.08052
-0.083082
-0.036356
0.047885
0.073627
0.10492
0.133407
0.141642
-0.050508
-0.06771
-0.05978
-0.011163
-0.046665
-0.085583
-0.070943
-0.045689
-0.000244
-0.02074
-0.017446
0.024583
-0.102297
-0.186416
-0.174277
-0.126697
-0.135115
-0.09394
-0.001403
0.050386
0.096807
0.125233
0.146949
0.178852
-0.006161
-0.091561
-0.083448
-0.054168
-0.093208
-0.13725
-0.078934
0.008052
0.005124
-0.030683
-0.09455
-0.053253
0.020374
-0.113948
-0.172874
-0.091866
-0.025254
-0.001708
0.011102
0.057218
0.113033
0.145058
0.109007
0.166469
0.208742
0.129015
-0.000244
-0.044347
-0.104737
-0.127734
-0.119987
-0.070333
-0.025986
0.013542
0.014701
-0.001769
-0.027328
-0.018422
0.070333
-0.060512
-0.111874
-0.096258
-0.11712
-0.094611
-0.097783
-0.087596
-0.08418
-0.058499
-0.005917
0.005917
0.020435
-0.005124
-0.004453
0.077348
0.111874
0.032452
-0.033672
0.003355
-0.042151
-0.064355
-0.041846
-0.009211
-0.001586
-0.001952
0.042578
0.047336
0.031049
0.039345
0.057584
0.182146
0.224541
-0.045811
0.035136
0.002562
-0.009638
-0.002257
-0.010492
-0.018422
-0.039955
-0.010919
0.017568
0.008235
-0.030195
-0.004331
0.05917
0.107177
-0.099735
-0.141459
-0.108885
-0.117425
-0.092354
-0.063867
-0.011285
0.076677
0.036112
-0.01098
-0.033428
0.043554
0.052216
-0.113155
-0.15982
-0.199653
-0.205631
-0.194041
-0.153903
-0.08235
0.008662
-0.01342
-0.096014
-0.108153
-0.013603
0.073688
-0.027633
-0.108885
-0.062525
-0.082167
-0.056059
-0.026657
-0.030134
-0.016653
0.01891
0.011956
-0.028609
-0.03233
0.045628
-0.083875
-0.144692
-0.116022
-0.152927
-0.172081
-0.166591
-0.13237
-0.046299
-0.032879
-0.047031
-0.036539
-0.010736
0.009333
0.017446
-0.050325
-0.062159
-0.06954
-0.10553
-0.124806
-0.121451
-0.087718
-0.034221
-0.016409
-0.03111
-0.021655
0.03965
0.023058
-0.12139
-0.175436
-0.140178
-0.187209
-0.15189
-0.115717
-0.086681
-0.047275
-0.046604
-0.041053
-0.042822
0.02745
0.013664
-0.063318
-0.063928
-0.074725
-0.126087
-0.212524
-0.198677
-0.100345
-0.008662
-0.046604
-0.045506
0.009272
0.057279
-0.02013
-0.093635
-0.134566
-0.173789
-0.161955
-0.157624
-0.105469
-0.040748
-0.010431
0.007808
0.001098
0.118828
0.087047
-0.036478
-0.058194
-0.059658
-0.078507
-0.089243
-0.109983
-0.075274
-0.024156
-0.020313
-0.031171
-0.010614
0.016653
-0.005002
-0.132736
-0.124623
-0.14823
-0.115595
-0.107604
-0.099186
-0.06466
-0.028365
0.000793
0.029463
0.04514
0.119987
0.031659
-0.062952
-0.046848
-0.092598
-0.143533
-0.116144
-0.06161
-0.043249
-0.020801
-0.023485
-0.029158
0.028182
-0.064477
-0.149816
-0.154147
-0.155184
-0.190625
-0.160857
-0.145607
-0.102541
-0.024034
-0.001342
0.016958
0.028548
0.048861
0.044774
-0.052643
-0.044896
-0.067222
-0.093391
-0.108092
-0.088023
-0.066734
-0.046665
-0.04819
-0.030439
0.025254
-0.014579
-0.143716
-0.156892
-0.14762
-0.189527
-0.182939
-0.137677
-0.084973
-0.040809
-0.012688
0.000671
0.000183
0.035136
0.094855
-0.098027
-0.064416
-0.14762
-0.139263
-0.178425
-0.160308
-0.13481
-0.117303
-0.082899
-0.083875
-0.060085
-0.018666
-0.038308
-0.152988
-0.157563
-0.120597
-0.157807
-0.150304
-0.123952
-0.077165
-0.046421
-0.049532
-0.063318
-0.048373
0.014579
-0.012749
-0.07137
-0.037271
-0.082777
-0.08845
-0.101199
-0.076921
-0.099125
-0.105164
-0.072346
-0.049105
-0.053619
-0.050386
-0.091805
-0.106994
-0.131333
-0.142618
-0.153171
-0.156587
-0.094733
-0.05978
-0.017751
0.026474
0.081191
0.148901
0.121207
-0.021106
-0.018666
-0.056181
-0.074542
-0.140666
-0.09516
-0.0366
-0.015006
-0.004941
0.004209
0.028426
0.077897
-0.155977
-0.165737
-0.184159
-0.139385
-0.101748
-0.094001
-0.06588
-0.002989
-0.015555
-0.040382
-0.020374
0.002684
-0.077043
-0.161711
-0.148779
-0.184342
-0.075579
-0.074542
-0.052826
-0.076494
-0.084851
-0.103273
-0.126331
-0.114253
-0.131943
-0.087108
-0.113155
-0.135664
-0.112057
-0.120658
-0.114497
-0.04331
-0.043615
-0.046177
-0.04758
-0.052338
-0.020313
-0.014213
-0.110898
-0.069418
-0.067588
-0.105164
-0.116571
-0.110288
-0.095221
-0.079422
-0.086437
-0.067344
-0.077409
-0.008723
-0.016165
-0.033428
-0.041236
-0.110837
-0.080703
-0.071065
-0.086681
-0.091012
-0.081313
-0.01464
-0.008357
0.099979
0.194773
-0.037393
-0.014518
-0.139568
-0.113643
-0.112667
-0.086925
-0.085705
-0.030622
-0.005734
-0.030439
-0.066185
-0.072956
-0.110288
-0.165615
-0.101199
-0.160369
-0.147315
-0.124806
-0.077104
-0.046177
-0.052521
-0.060695
-0.018544
-0.002989
0.016958
-0.125477
-0.148169
-0.150243
-0.159515
-0.152439
-0.139629
-0.101138
-0.085278
-0.050081
-0.00549
0.016653
0.023729
0.051728
0.129442
-0.11712
-0.111691
-0.152988
-0.192211
-0.129808
-0.106506
-0.107909
-0.064904
-0.043249
-0.036844
-0.075335
0.015677
0.042334
-0.112728
-0.235582
-0.114741
-0.080398
-0.071736
-0.092171
-0.046238
-0.002013
-0.003843
-0.044591
-0.067527
-0.100345
-0.130418
-0.132858
-0.162504
-0.126026
-0.113277
-0.094306
-0.011163
0.00732
0.015372
0.02318
0.050264
0.067771
-0.073993
-0.096197
-0.094977
-0.107787
-0.116815
-0.110959
-0.086925
-0.041541
-0.013969
-0.060878
-0.064172
0.063928
0.017751
-0.064294
-0.071309
-0.084424
-0.112667
-0.118279
-0.01708
0.081069
0.065026
0.065575
0.07442
0.088816
0.169153
0.152073
-0.01586
-0.047824
-0.06527
-0.059902
-0.111203
-0.086254
-0.081618
-0.035868
-0.035319
-0.061
-0.05002
0.001952
0.00366
-0.081496
-0.104859
-0.114558
-0.15738
-0.122732
-0.083692
-0.016165
0.048983
0.010675
-0.038491
-0.055266
0.056364
-0.046238
-0.074664
-0.086254
-0.103151
-0.120597
-0.127124
-0.102236
-0.051545
-0.010675
-0.002257
-0.022265
-0.042151
-0.012383
-0.036356
-0.183427
-0.067283
-0.08784
-0.050081
-0.072407
-0.059048
-0.033184
-0.01037
0.030073
0.06222
0.123525
0.158905
0.041358
-0.047214
-0.059475
-0.124257
-0.093086
-0.034038
0.001769
0.009638
0.031537
0.014579
0.036478
0.072224
-0.034953
-0.133712
-0.089975
-0.127124
-0.111081
-0.060939
-0.017812
0.015677
-0.010919
0.006832
0.02074
0.081618
0.090219
-0.051667
-0.042212
-0.061915
-0.052277
-0.017995
-0.036112
-0.06771
-0.029768
-0.028975
-0.012139
0.022997
0.069052
-0.012322
-0.045506
-0.035136
-0.10065
-0.073932
-0.054351
-0.049532
0.02928
0.070394
0.085644
0.090463
0.138531
0.076921
-0.056303
-0.079056
-0.099552
-0.090097
-0.036417
0.004148
0.025498
0.004758
-0.013542
0.050203
0.083387
0.04209
-0.054351
-0.011773
0.023607
-0.011956
-0.031415
-0.104737
-0.082777
-0.042883
-0.022326
-0.006344
0.040077
0.082228
0.088267
-0.114375
-0.120536
-0.141703
-0.113948
-0.089609
-0.053741
-0.029707
-0.003538
-0.024705
0.041968
0.023668
-0.033367
-0.067222
-0.043676
-0.080337
-0.087352
-0.130174
-0.08906
-0.043554
-0.028914
-0.040565
-0.036112
-0.007198
0.045689
-0.067222
-0.141215
-0.102236
-0.07381
-0.085034
-0.143106
-0.124745
-0.108885
-0.158173
-0.129747
-0.100284
-0.061671
-0.10309
-0.148779
-0.129381
-0.187575
-0.208681
-0.153232
-0.113704
-0.083326
-0.07198
-0.071187
-0.043493
0.026535
-0.101199
-0.158234
-0.114924
-0.093513
-0.099857
-0.078934
-0.100833
-0.078019
-0.071797
-0.079422
-0.020374
-0.016531
-0.132553
-0.166347
-0.143838
-0.134749
-0.158539
-0.154513
-0.083082
-0.05795
-0.017141
-0.006588
-0.007991
0.04758
-0.045506
-0.140605
-0.114436
-0.086498
-0.106323
-0.122549
-0.144631
-0.041297
-0.062159
-0.085583
-0.099613
-0.089426
-0.069662
-0.160186
-0.165737
-0.204045
-0.167079
-0.186721
-0.163663
-0.095526
-0.05063
-0.034038
0.046604
0.108336
0.053985
-0.078934
-0.108458
-0.112423
-0.070272
-0.069418
-0.081923
-0.054412
-0.017507
-0.040992
-0.094245
-0.050142
-0.02623
-0.115534
-0.14396
-0.195627
-0.18239
-0.188368
-0.165127
-0.105469
-0.050752
-0.015433
-0.020496
0.033001
0.106262
-0.041236
-0.07503
-0.062586
-0.112362
-0.109495
-0.088511
-0.018544
-0.003294
0.017873
-0.004392
0.008601
0.03599
-0.066368
-0.160796
-0.189466
-0.174094
-0.125355
-0.095221
-0.067222
-0.011407
-0.003538
-0.025376
0.043249
0.080581
-0.039833
-0.081557
-0.111386
-0.13481
-0.089853
-0.084241
-0.034221
-0.013115
-0.006771
-0.012139
0.007198
0.005917
-0.158966
-0.160064
-0.108458
-0.152378
-0.15494
-0.144387
-0.130052
-0.084424
-0.070028
-0.055266
-0.014701
0.11895
0.079971
-0.056913
-0.044469
-0.088328
-0.14396
-0.158112
-0.115107
-0.075457
-0.061122
-0.051484
-0.066795
-0.046177
-0.101504
-0.134139
-0.142252
-0.23485
-0.16043
-0.12871
-0.204899
-0.183671
-0.017995
-0.019703
-0.019276
-0.065087
-0.030378
0.072285
0.033184
-0.0488
-0.176229
-0.131943
-0.158051
-0.158661
-0.16836
-0.181963
-0.144753
-0.176351
-0.128832
-0.168238
-0.167811
-0.146766
-0.168299
-0.175985
-0.134932
-0.131577
-0.127856
-0.263215
-0.094916
