1.00691147604246
0.98670973450453
0.989827166437151
1.01440627332494
1.05672538327467
1.06506478839177
1.05648721129884
0.925571748475503
0.866009540927235
0.84093877430524
0.896061893466629
1.02399015945369
1.26961459583844
1.42261313719683
1.15850693617647
1.08557924953363
1.05896808928787
0.99940392832628
0.85525726270462
0.782018053897735
0.77310328136802
0.758902284622335
0.855125481759841
0.935616954035144
0.980906867324824
1.00720126622041
1.1688658874533
1.50321560691406
1.39422568425094
1.16729204575547
0.974573986803465
0.90291310257743
0.825935174948979
0.797674219717548
0.819939913182667
0.901909094368717
0.957965583206933
1.09038240582146
1.3339229323844
1.29226392450149
1.19449000027836
1.28349638327695
1.17967802983738
1.01679520363788
0.916131074579397
0.796419375643888
0.867258916301816
0.842201710708901
0.757348715077143
0.785592106302628
0.82998948776114
1.05703536551054
1.37551255590416
1.24375778065828
1.30070637783321
1.16661755114005
1.04976717623481
0.960175229372743
0.851766535985067
0.813297481063971
0.845703744806655
0.823026732191002
0.816847285145761
0.993341849569422
1.17648181248033
1.18931288174559
1.14309625306008
1.18623420559559
1.20851858792821
1.067750790084
0.956389812616697
0.84055099129916
0.811633697688803
0.841477102201836
0.890754627843718
0.921442106071781
0.926773624333364
1.13275408656425
1.35215652442312
1.37145074730994
1.26922677168897
1.09086515657298
0.99716897213361
0.897630429157234
0.813946829561981
0.806825815515344
0.817796961259334
0.848968487811532
0.950642792229552
1.14016870537346
1.33373406920495
1.34510547897516
1.08119974055861
1.04867684948701
1.11202604796515
0.923322245828075
0.837881606967237
0.855140868200672
0.864239289975872
0.819082907755375
0.931077004391151
1.01593448811525
1.07546185287671
1.13892169162327
1.3492479714956
1.22161994927228
1.11716332092179
1.12828623067908
1.02707457887633
0.882298580666432
0.814171871941668
0.790972633092321
0.847979340172861
0.892426280785141
0.887725260221877
0.979458690711354
1.30573768110023
1.23931935337305
1.20013521202821
1.18405227655074
1.08878040100105
1.03588289871877
0.926343360920776
0.816142409821962
0.837420801548421
0.8464796893092
0.875831625098683
0.925686512547849
1.11167606513049
1.19832016657903
1.09753896023877
1.15104019601098
1.19451722294323
1.10161896793084
0.925114516676719
0.796552598196754
0.797412077202873
0.815021438290429
0.846696649584135
0.887766601130049
1.22789682526343
1.33152898866566
1.25365410828027
1.26697561098902
1.09069185972483
1.03338538224614
0.966735338216722
0.719827707941282
0.71270586787959
0.741597496961121
0.846621516207803
1.00222462210973
1.08745400909694
1.2441441423344
1.37239556144903
1.2387710685276
1.15716110898051
1.06285418201417
0.983215938786592
0.828093719935733
0.758135669876441
0.773855830814112
0.868244774448427
0.964221157380919
1.08701463132977
1.27527752869719
1.29275702951173
1.20365171075565
1.22309657856606
1.10672522918835
1.00142642331626
0.822001409520081
0.78233423912673
0.81904664791085
0.886075656899567
0.922464129479299
0.969716240233709
1.05354600883872
1.26560281197578
1.14226755661754
1.16948934007626
1.10414662418539
1.06043938322942
0.968055020867099
0.832997591697599
0.790892608311015
0.80955394534583
0.886105984560538
0.898201009798475
1.04253803421842
1.28093206050946
1.24253743914781
1.23159435296773
1.30043487760826
1.13141208488773
0.885227468703948
0.735155299719046
0.712629246354652
0.741643172789988
0.761444176407568
0.835000224027515
0.929182871926727
1.10521736138418
1.26301144615597
1.23119592794161
1.25593151836316
1.14065713444225
1.05040246782888
0.955220744563789
0.807893547889819
0.848863502710536
0.908109091789087
0.909397987938174
0.92724487805865
1.05018632487954
1.17986215362982
1.16991778559863
1.24644374809295
1.16917536502656
0.994770301688284
0.755941037450673
0.689481626513716
0.706977341991948
0.80760143178303
0.938516910962184
1.03695101778869
1.35706014591837
1.29511850428291
1.22585569190382
1.25099408281015
1.16991295869607
1.02922504194418
0.832120794244441
0.703121503051215
0.803995860769196
0.896573885042945
0.941248414466659
0.930423901745328
0.997188935802037
1.24784209869599
1.35252753958395
1.3142806870102
1.19825119612542
0.996836350330886
0.808543481019419
0.680287102145851
0.693491452016534
0.752801143343314
0.859883515770014
0.924595689789326
1.37796503974883
1.31234231967006
1.24961228374564
1.25494300122555
1.11456190021775
1.01505998721356
0.88458502780965
0.750639455162064
0.786958803694323
0.878296304469625
1.03309527441568
1.10944177767966
1.1858883170202
1.27632617637538
1.15119231329522
1.08617603072983
1.09020434695749
0.98511797353515
0.810560705490958
0.748883087677242
0.729109588137476
0.765036088422631
0.859936684033772
1.14163667546247
1.44462542671691
1.31004460364714
1.21824245195322
1.23566763527617
1.03281703768673
0.900283188796725
0.842965499902576
0.752318789363924
0.796719851082549
0.861285347674045
0.987081489281407
1.09088718848697
1.3228622738819
1.3848390445698
1.15798932983858
1.10715507227533
1.06111885245575
0.96566861843181
0.811755578778489
0.702618140621205
0.688985681167613
0.770651413156428
0.883356520511396
1.22281249178318
1.48300358834697
1.27973118370695
1.17420284323536
1.14869089751116
1.07532295057113
1.02360945163671
0.945139238174461
0.769330863383239
0.85465277512508
0.940341247638856
0.942851247206048
0.975101742896607
1.13996778992961
1.29613597926799
1.18386601783352
1.14169943713965
1.04303731414749
0.958220227558362
0.81844518587991
0.734056233040766
0.764402790029576
0.814834248568996
0.877439567923626
1.06408194144107
1.34808589250685
1.3518987948604
1.19135209731842
1.22832673961491
1.11153762306096
1.03872241995107
0.807716225670254
0.729483557282822
0.794517640157851
0.832801679554622
0.868570110636441
0.930744462587342
1.17058008178211
1.40063987521061
1.31985657570359
1.23162504313854
1.0903788281093
0.971633318040298
0.82113178516058
0.745754671107061
0.762740653383573
0.817444904326279
0.87614981432287
0.993023466603383
1.2204813150659
1.41740349496676
1.28372828642357
1.21766210195645
1.11401516416699
0.962272200376276
0.817022088198967
0.746316662381994
0.778599703607701
0.819983521254543
0.853539779136274
0.909249894564195
1.11639324419489
1.38733439031835
1.27132473424574
1.25033530476789
1.11450010438986
1.03334810094663
0.922047828029544
0.782889454226457
0.738962698768348
0.771660642377205
0.894661301192244
1.00414077542643
1.17559172462637
1.32840927804085
1.11388370972602
1.12987812287034
1.1271240993187
1.02178270996186
0.941288588617221
0.891972466105316
0.862416351816221
0.933989491848811
0.95744854791315
0.979041049491797
0.963660187897165
1.17491371375816
1.04827913949911
1.09624045750602
1.18570583163321
1.12417445801664
1.0563869891162
0.98777392292923
0.922152965099608
0.913515187830503
0.894695270126092
0.796336919404092
0.871854140284371
0.962511853861551
1.13396302467276
1.25319277004976
1.12707327921702
1.05155445296665
0.942861032600775
0.900729085935388
0.90066057939992
0.940116724149188
0.950363181783154
0.954709567662334
1.03370422888029
1.11173303891222
1.30465210400513
1.07372766880853
0.987919640754753
1.11627651781492
1.10263452099415
1.04521160186825
0.903781319368795
0.935362067649207
1.01041857140741
0.99778824934051
0.919774510065375
0.849127103490402
0.834383270599908
1.00989993315972
1.2987422849049
1.16140893892289
1.13646374035426
0.995705311367776
0.954662936589664
0.915695493543569
0.877860515965378
0.89450720515656
0.950243889386825
0.927162743100153
0.971195865786608
1.17618730149156
1.21276104399754
1.08316564994187
1.14360218311527
1.16885764261778
1.08628332765904
0.899658681467589
0.883202387992129
0.896017810298434
0.930424947549237
0.909974183191479
0.864266939586376
0.879451269323093
1.21021952210539
1.22996400443468
1.10239393915832
1.11413283605547
1.12549088121584
1.10794002182654
1.040850828229
0.964342565827103
0.832671001163725
0.936183286266103
0.945186376501481
0.903263441893338
0.85683255625939
0.965106610715106
1.25482040551188
1.25355308885304
1.26097353128446
1.14608518832677
0.970332698480784
0.845009241238225
0.773626390957547
0.756143928832335
0.830982008176471
1.00551119468358
1.01154452473631
1.09018494162504
1.10812562075471
1.19584507966208
1.21700924808524
1.09643886052119
1.02747595734645
1.10997152773438
0.989407833772302
0.940717855999343
0.835424138739718
0.800486488970926
0.850532493599745
0.939363973659838
0.975197651734765
1.00151258297337
0.958590652092957
1.19033693369441
1.30293017197009
1.11522932044939
1.08399075301637
1.06779450063437
1.02204360546163
0.963516908772752
0.811613071399174
0.804597503566224
0.833346310976415
0.872376080318574
0.948413866083262
1.05454285058124
1.19476784101389
1.40511125927736
1.07102244800238
1.10110915531976
1.05313651270906
1.09909278823446
1.06190287705421
0.956216366250338
0.882334012383632
0.860265214096792
0.771300004856087
0.821143664533801
1.02128434430868
1.31798413852064
1.22498862376963
1.10790519315734
1.23539242102783
1.05339450603893
0.97689424873371
0.87610673816208
0.813604942840197
0.80433179769048
0.830621540430418
0.884831754645481
0.959486329521166
1.23916235088789
1.28030937237841
1.11771817650962
1.15044052093839
1.04490641970322
0.974529291351471
0.953941796256459
0.921470387418391
0.910088749228887
0.883822745888563
0.816122357979488
0.886831422583796
1.05834145449425
1.18640868704591
1.14549012935948
1.1439720327425
1.32094475261004
1.18124673422533
0.978335872327086
0.80688996449454
0.779404648236717
0.831291183202372
0.839772116523882
0.805818353401063
0.933837548234702
1.14310456031152
1.15605914682641
1.12787943881649
1.27670068767155
1.18036158868755
1.04858950643233
0.90524691796548
0.801006580840008
0.803805353489264
0.849385906533067
0.879650131453409
0.955468008387513
1.11256967554621
1.29834445875507
1.2264580591871
1.3306448630168
1.194163283509
1.06012943722972
0.919061708154028
0.815393982090253
0.763551622413311
0.737972980516902
0.818909471547374
0.859573737794495
0.998288203213381
1.35954486738357
1.35797803191547
1.20588803130805
1.2430042287945
1.14489852182322
0.947023013814342
0.813485998701268
0.723551087941964
0.753781373702614
0.798148021535479
0.814727322098627
0.902174933410367
1.15544695662285
1.2504282718273
1.23852923122751
1.255982659401
1.06687868247707
0.989062596545841
0.961691140843566
0.886811584445084
0.84303573317446
0.748147057876992
0.773650499780747
0.811120649348788
0.957016917732388
1.32363493898318
1.33932535834464
1.30840087922395
1.33082338371401
1.08069607649977
0.953798206156313
0.8205463698049
0.767016799183694
0.795884939324146
0.806170842031018
0.823639269297549
0.891527106007439
1.30682124286071
1.29503857587873
1.25573996540526
1.21601168475307
1.14010222692792
0.984800258723565
0.798934419066421
0.736425836739179
0.787749628336948
0.853322653168191
0.924989206456486
1.03164175664326
1.31748938852994
1.16413844806105
1.10279788292234
1.16238578783853
1.06595237827213
0.979313860705545
0.887456432387529
0.817126901990138
0.792860504192257
0.814953792678456
0.909739578134314
1.06999801348274
1.3256637216489
1.21093014012246
1.12572976216675
1.17380239120987
1.01407548513708
1.03075655632986
1.01561812350164
0.852444658780264
0.812282640067483
0.782676701880157
0.854004799379371
0.972861897860637
1.12553861125596
1.30187095173446
1.22648995558545
1.17513514341543
0.996776100968016
0.91333272958873
0.872620263725293
0.794307414467472
0.804858503189225
0.844753949269253
0.903082227203592
1.04660207771435
1.12994169096463
1.27892928548532
1.19812792956721
1.21670448160595
1.20311369338812
1.03176511165672
0.961259695052799
0.808323797423409
0.795012082635855
0.774086954800945
0.822974993164434
0.934308518694976
1.01804616604455
1.27663548138574
1.40065778962065
1.17689820110237
1.09639630802461
1.01487336384792
1.05571242603514
0.943052584091152
0.847752130127669
0.760434621962993
0.754935618010569
0.905800124451857
1.00011629117318
1.19371488128112
1.33755078345796
1.24745070293539
1.21771813662481
1.13674013664162
0.892586128413947
0.819209228850603
0.852407275306235
0.89007240680857
0.856840612002022
0.83662909014748
0.888745936702385
1.0636134655903
1.30695468066685
1.14481144531534
1.18989113182887
1.02259671711042
0.983215760914155
0.935777714657172
0.82717822107512
0.782895970433492
0.882906786933366
0.964987814444307
0.976566525578263
1.07095958617728
1.20187549168206
1.0969520186298
1.14008957320116
1.21513399776239
1.03879233300501
0.899922303332349
0.810027222716002
0.769949215383716
0.788756347974455
0.864596813184619
0.987193782224138
1.01322619060109
1.41906556619523
1.26317136583957
1.20674563385371
1.13500626200387
0.986752075722164
0.919820563530736
0.91106650829344
0.80785927536917
0.833174921644909
0.919457979784829
0.985226462326809
0.972989224695217
1.1589654108786
1.18867937672907
1.147984216155
1.20315899137105
1.02419309606636
0.947088471270768
0.857281538617274
0.870252343425744
0.910699303367473
0.886533073570298
0.960123449634994
0.966407739291237
1.29655821874608
1.19529748101968
1.21187656896773
1.07608413890225
1.01029288359069
0.981696500619718
0.890695560147237
0.880861292713558
0.810690883558586
0.801730669635383
0.837497919960999
0.95589955359546
1.22735314769222
1.26980703546838
1.24173117049626
1.34301931752488
1.15302307534238
0.809047702730809
0.681118086780112
0.70048031756003
0.786583838269005
0.884334960671577
0.960680885482271
0.990846578399502
1.36947366888232
1.33730641844343
1.23326601613156
1.15843374894078
1.10013070866966
1.04093362610975
0.84965052769065
0.743046100425808
0.78794889106147
0.860793452687112
0.883386813051338
0.949782288070798
1.23844668520732
1.35235554591424
1.26582237024474
1.2171519345242
1.10351726445081
0.85581898471172
0.695162032529108
0.617060448301461
0.660996202657776
0.77427186583073
0.84264581967218
1.31071990383339
1.5938531723785
1.34127911201659
1.31323705855874
1.15887913848943
1.05278841796488
0.904759425502161
0.722903261075782
0.776348536142112
0.832103459493469
0.924194237027044
0.929066571243417
1.0016387623395
1.29198433306639
1.30517649507222
1.1714248492827
1.12786045304727
1.03745798195638
0.957374066607718
0.891362787519201
0.794393880159584
0.80008344823462
0.833703614490185
0.941608774110033
0.945543865853404
1.06093001985664
1.31244358249183
1.28840026691591
1.17679888209073
1.14832923779463
0.993232625034538
0.926286769540621
0.886427103490185
0.863460386772317
0.856440749465484
0.89646539111167
0.931887622555424
0.89621147270608
1.03482775948367
1.2841301313064
1.21322077766992
1.28454792571784
1.24249334434797
1.14334506965351
1.0526048734967
1.01207822186282
0.931707490222119
0.810854674095179
0.813715796266731
0.889356515945096
0.933886366683335
0.991825325808431
1.1070305027803
1.17459773012551
1.17195118649754
1.03525833317921
1.04935763757691
0.996419608910824
0.971766871177444
0.981815480929589
0.99464369056914
1.00506282875699
1.02107240042516
1.01247125965975
1.0185021300665
1.05122723527361
1.02626125891217
0.972253224201905
0.9860669452811
1.05697075365073
1.09255958643087
1.11866584628834
1.1115980589876
1.05145253715658
0.972257801513055
0.947452695145251
0.960684898207003
0.895983507354907
0.851387476184023
0.915644774622779
0.953163570739566
1.09268927343047
1.09519941689265
1.12256544424724
1.36656848624502
1.31118320008647
1.0244265095911
0.927271393336924
0.894695702657613
0.854948315405089
0.899939359226498
0.939460827705977
0.917171359904462
0.971415791541912
1.1947882607931
1.21225005014353
1.15054523271404
1.20549001101502
1.16075624453414
1.06384513115209
0.956057584816417
0.868811085153153
0.860336106812913
0.890410499633736
0.87784761110457
0.80457138299159
0.775175238760243
0.829564756052835
0.911301173938671
1.21493052694465
1.30901309794822
1.37060545671502
1.18267453990732
0.945231223345907
0.836704956264752
0.814503634683726
0.829731778688149
0.816804325079759
0.870247246691422
0.904218648012747
1.07111090038567
1.34519241380183
1.2721276449264
1.18256098828348
1.23588678051592
1.07642844207778
0.869091473298985
0.805133123662168
0.79383481481351
0.809411687048068
0.814804814191718
0.86212786681443
0.969850673148191
1.18149936651062
1.28689632552976
1.24869624230875
1.22483589571991
1.11158118436082
1.01253259146163
0.841704259917936
0.723731769275054
0.698342240115117
0.781937122207406
0.873505220580278
0.997482344430216
1.247905507817
1.38924141933395
1.32744193028546
1.36004556654143
1.04105603113281
0.845225707291254
0.716811705982122
0.653901617232287
0.70338105456502
0.762520332248918
0.83585381715824
0.955762461500241
1.45656942689664
1.3334785877741
1.26599781365096
1.19506177439244
1.10625321808165
1.06371182602714
0.86033797307163
0.653035915242033
0.682059213557005
0.788534582365288
0.930054327420716
1.09846853084146
1.39856339394037
1.51098180754899
1.43266065495671
1.31718178937343
0.846190304820966
0.702807798508241
0.603366448695152
0.600806762759042
0.707138095015394
0.8312933966651
0.964297434733703
1.12336306193723
1.62754021899491
1.36106593378609
1.22885964960243
0.97129609854359
0.833499546863104
0.779986756247822
0.735696915201498
0.696708471089594
0.863939847272366
0.965752340986549
1.00980698835025
1.18443497744748
1.36030594005466
1.32211625694793
1.37809417902043
1.25358430992136
0.938784928543807
0.818966126825768
0.744341194105902
0.706718850635102
0.719218561816226
0.809091237912017
0.87470124882785
1.08744309333638
1.26720399286184
1.21667052954569
1.14626580013887
1.05197076122153
0.963378040511096
0.886781136150854
0.871243721343804
0.8430934285315
0.934809245348483
0.967797162402846
1.07394502025011
1.25216080515963
1.26469392871358
1.30763062617469
1.26161076174468
0.984206176274565
0.813852538132677
0.706738286769579
0.686221410737817
0.699241049678864
0.713151652210804
0.845148679839234
1.02424460474293
1.45808667928796
1.25368089723263
1.2574343677779
1.06654217512717
1.02916565213866
0.9147740077582
0.794870330135677
0.786379346436565
0.920740557052311
0.970729349002079
1.0314045890595
1.11593859633405
1.22709174843611
1.20780681082075
1.27384298181723
1.16423295036861
0.91520414016109
0.770245888888087
0.718479298928647
0.759616719933151
0.786636270301592
0.847879378238438
0.962827853071358
1.14841300767842
1.2904853086316
1.23588487438111
1.25924406890642
1.11557169671877
0.977593022625469
0.836393262412485
0.719146747681584
0.653622631360023
0.785833458266445
0.905271290732784
1.07652479389283
1.37859307153271
1.39204353164044
1.31783594852812
1.31351596017749
0.988918268131902
0.86061906801732
0.754659352066215
0.672934773030046
0.652327320425873
0.758796813320931
0.856508200845736
0.991115374181029
1.54652366307018
1.34189094239025
1.30933998531932
1.21237497544654
1.00513480378206
0.877970033275054
0.764996697739278
0.699725259456881
0.768213291010381
0.897915311027159
0.987616993732388
1.15157504969368
1.34765723202341
1.27501514276733
1.2655828950934
1.13638592099207
0.937782077022695
0.852680426304017
0.844458641702481
0.834304682387675
0.813005009035615
0.855248126106687
0.920394365707983
1.06826801175594
1.35457303637161
1.21192766744596
1.17414170937072
0.989607638064703
0.913324662854343
0.814674569551548
0.766707138791599
0.747385567049565
0.88199261900313
1.01478315290214
1.09725436023923
1.36262174107307
1.42177936598686
1.20409307568186
1.19773845444237
1.03375521708236
0.871035594456392
0.840701526411128
0.852258122322692
0.815842848375837
0.863332631491478
0.929158665843999
0.970884194109678
1.27436362722341
1.12146806566661
1.1494790227129
1.06424887765456
0.9992376262076
0.94982920772421
0.837636689890671
0.750720893531677
0.807459313360742
0.871343639865466
0.992673824798458
1.20924682554431
1.35176307023605
1.26053326437227
1.32081109588048
1.2512625607925
0.846074945515467
0.731690534959282
0.69559452266173
0.732674760751317
0.892930564128029
1.01921863412371
1.06187451249477
1.23115809180665
1.19141068841311
1.19147749655291
1.0900226336384
0.965017769371632
0.853179986345789
0.78165810823019
0.718899102067877
0.745522537342098
0.867930743938708
0.990720170062667
1.1787148838905
1.39792535159571
1.35274587855221
1.38147724748401
