-0.038369
-0.022021
-0.074359
-0.031781
0.007259
0.049776
0.042883
-0.03172
-0.031964
-0.047763
-0.058865
-0.017507
0.052521
-0.020374
-0.104188
-0.013603
0.035563
-0.023973
-0.07259
-0.053009
-0.071431
-0.047946
-0.017019
-0.005246
-0.022448
-0.02501
0.019276
0.049349
-0.101931
-0.125172
-0.102663
-0.100955
-0.073383
-0.027999
0.030866
0.058682
0.040504
0.029524
0.063196
-0.037698
-0.149938
-0.119682
-0.129991
-0.164029
-0.149816
-0.099674
0.015311
0.00488
-0.044042
-0.05307
-0.016531
0.007076
0.043615
-0.135908
-0.11041
-0.157868
-0.14823
-0.108092
-0.086864
-0.040748
0.022814
-0.037576
-0.065148
-0.00122
-0.051789
-0.156831
-0.206668
-0.20618
-0.171898
-0.166835
-0.120963
-0.122793
-0.108214
-0.063196
-0.016836
-0.021777
-0.066368
-0.025742
0.021106
0.008479
-0.042456
-0.127551
-0.141093
-0.138409
-0.099857
-0.08479
-0.125416
-0.148352
-0.163175
-0.073688
-0.011407
-0.025925
-0.097478
-0.015433
0.044103
-0.02135
-0.040382
-0.012871
-0.033855
-0.037332
-0.022936
-0.025071
-0.026108
0.036905
0.010126
-0.085034
-0.119133
-0.116632
-0.088755
-0.099979
-0.091134
-0.062952
-0.035868
-0.056974
-0.048556
0.024095
0.016897
-0.077043
-0.106201
-0.090463
-0.11468
-0.109373
-0.110776
-0.02501
-0.007381
-0.03782
-0.020313
0.040382
0.03782
0.007137
-0.075091
-0.055083
-0.070272
-0.080886
-0.093635
-0.095038
-0.019703
-0.015006
-0.05002
-0.080703
0.022936
-0.101809
-0.173728
0.019154
-0.145973
-0.162504
-0.118828
-0.144692
-0.075091
-0.064233
-0.033733
0.009943
-0.013725
0.005673
0.046299
-0.044835
-0.065514
-0.064965
-0.086742
-0.072712
-0.061793
-0.025742
0.000305
-0.04819
-0.033855
0.007076
-0.065514
-0.126087
-0.106628
-0.168299
-0.178608
-0.160369
-0.102053
-0.046299
-0.007198
0.004636
-0.034587
0.034892
-0.026535
-0.106201
-0.043066
-0.08418
-0.08052
-0.085888
-0.123769
-0.091317
-0.09882
-0.139751
-0.095343
-0.076006
-0.101504
-0.164822
-0.217831
-0.197274
-0.140849
-0.158966
-1.46E-01
-0.074054
-0.004819
-0.04331
-0.037454
-0.022997
-0.023973
-0.089365
-0.044896
-0.003843
-0.081923
-0.105164
-0.11834
-0.14274
-0.059841
-0.067649
-0.098759
-0.107726
-0.074542
-0.133712
-0.155794
-0.140422
-0.128161
-0.151036
-0.135847
-0.092476
-0.036905
0.012017
0.044408
0.032208
0.066978
-0.055144
-0.055693
-0.024949
-0.070821
-0.082106
-0.171227
-0.099735
-0.005917
-0.025254
-0.060878
-0.113643
-0.090097
-0.088877
-0.161833
-0.184708
-0.20923
-0.181292
-0.184281
-0.121939
-0.027206
-0.009455
-0.015006
0.034404
0.059109
-0.063989
-0.066978
-0.076372
-0.132431
-0.109251
-0.131943
-0.090402
-0.049654
-0.076677
-0.080764
-0.080581
-0.091866
-0.14579
-0.257359
-0.206424
-0.153598
-0.153537
-0.163541
-0.091622
-0.056852
-0.062098
-0.057645
0.024156
0.046909
-0.069906
-0.07137
-0.051545
-0.11895
-0.10675
-0.092476
-0.077043
-0.056852
-0.048434
-0.050447
-0.021106
0.067466
-0.003294
-0.124562
-0.155428
-0.082899
-0.073932
-0.071431
-0.013481
0.011102
0.01647
0.110593
0.102419
0.124989
-0.009516
-0.066551
-0.091378
-0.105347
-0.100406
-0.055571
-0.032208
0.012078
0.019093
-0.038186
-0.03111
0.004026
-0.031903
-0.120841
-0.135298
-0.1403
-0.130906
-0.160369
-0.103761
-0.005795
0.025986
0.032574
0.0854
0.122976
0.026718
-0.045628
-0.013847
-0.077836
-0.06588
-0.105469
-0.055693
0.003843
-0.011712
-0.024339
0.020069
0.059719
0.014579
-0.152378
-0.132065
-0.182695
-0.12627
-0.109922
-0.104127
-0.032208
0.022326
-0.008479
0.045262
0.061183
0.078812
-0.038308
-0.066795
-0.083875
-0.126758
-0.103517
-0.066063
-0.039101
-0.029402
-0.042944
-0.018483
0.01342
-0.131516
-0.155001
-0.150243
-0.156099
-0.148291
-0.135786
-0.122915
-0.095099
-0.035807
-0.013481
0.043493
0.057767
0.020923
-0.113338
-0.034221
-0.061061
-0.071614
-0.082655
-0.125355
-0.101504
-0.055388
-0.047763
-0.063257
-0.021533
-0.038491
-0.124745
-0.147803
-0.103212
-0.104249
-0.136457
-0.116937
-0.106811
-0.045933
-0.026291
-0.096258
-0.103151
-0.023302
0.000915
-0.017141
-0.084607
-0.109373
-0.13664
-0.131089
-0.069296
-0.053741
-0.051728
-0.074176
-0.066002
0.074115
0.081801
-0.094794
-0.053619
-0.052277
-0.089182
-0.098088
-0.148474
-0.065331
0.022753
-0.007503
-0.032635
-0.064416
-0.057523
0.02806
-0.081862
-0.101321
-0.093818
-0.17385
-0.143045
-0.126148
-0.086071
-0.028731
-0.070882
-0.096136
-0.065331
-0.000549
-0.050813
-0.146705
-0.107665
-0.087291
-0.156587
-0.17568
-0.145363
-0.10675
-0.05185
-0.048983
-0.064538
-0.065453
0.088999
0.017202
-0.070943
-0.068076
-0.103578
-0.125416
-0.125355
-0.117852
-0.064477
-0.015006
-0.022448
-0.092903
-0.109129
-0.067954
0.00244
-0.034282
-0.081008
-0.142801
-0.183976
-0.2074
-0.203191
-0.144265
-0.103883
-0.010797
-0.023668
0.015189
0.069052
0.060146
0.035807
-0.020435
-0.057462
-0.078141
-0.099064
-0.104432
-0.135908
-0.143655
-0.144875
-0.060085
-0.049776
-0.104249
-0.116998
-0.040504
-0.062647
-0.205021
-0.220637
-0.157014
-0.138287
-0.099491
-0.128161
-0.073322
-0.047763
-0.036112
0.006161
0.031964
0.06283
-0.083692
-0.094733
-0.05673
-0.079849
-0.054107
-0.047214
-0.057462
-0.080276
-0.059048
-0.110105
-0.105774
-0.049837
-0.026596
-0.119682
-0.14396
-0.090707
-0.140483
-0.115107
-0.121512
-0.094611
-0.068686
-0.043737
-0.050752
-0.043615
0.104737
-0.003538
-0.061
-0.022021
-0.126941
-0.118645
-0.107055
-0.034221
-0.025315
-0.027999
-0.033855
-0.062159
-0.034099
-0.046543
-0.159942
-0.086681
-0.080642
-0.127673
-0.163541
-0.180377
-0.134261
-0.048129
-0.065819
-0.056974
-0.022997
-6.10E-05
-0.039406
-0.085522
-0.046299
-0.08906
-0.116144
-0.097539
-0.066002
-0.058011
-0.066856
-0.095282
-0.07503
-0.027572
-0.033306
-0.137128
-0.060207
-0.10736
-0.11895
-0.154635
-0.135176
-0.082167
-0.023058
-0.012383
-0.017629
0.021655
0.100955
0.013603
-0.063196
-0.052399
-0.102358
-0.076921
-0.074969
-0.073871
-0.020984
-0.025254
-0.055205
-0.049837
0.012505
-0.111203
-0.106018
-0.074054
-0.141032
-0.116571
-0.136762
-0.108336
-0.026413
-0.076128
-0.036051
-0.003782
0.031476
0.085766
-0.023424
-0.021777
-0.094916
-0.087291
-0.078995
-0.102846
-0.08845
-0.053863
-0.087718
-0.124623
-0.011285
-0.038674
-0.116083
-0.11651
-0.131516
-0.121939
-0.134993
-0.178669
-0.019032
-0.006039
-0.03294
-0.005734
-0.009455
0.024217
-0.082045
-0.089243
-0.091805
-0.03721
-0.016531
-0.114131
-0.081984
-0.03965
-0.059963
-0.055022
-0.024034
0.016836
-0.099186
-0.143228
-0.144753
-0.185684
-0.122366
-0.071187
-0.050691
-0.005795
0.001708
0.001891
0.028548
0.068808
0.016043
-0.040504
-0.042883
-0.089182
-0.055876
-0.008906
-0.006954
0.014274
-0.024339
-0.046665
-0.05124
-0.047824
-0.059414
-0.160247
-0.153598
-0.134993
-0.162504
-0.171654
-0.080154
-0.054046
-0.035319
-0.012505
0.014884
0.039833
0.093147
-0.063135
-0.037027
-0.068747
-0.120658
-0.098759
-0.080337
-0.09821
-0.09943
-0.107787
-0.108458
-0.055693
-0.067344
-0.08906
-0.128527
-0.130479
-0.139934
-0.147742
-0.124257
-0.080825
-0.022753
-0.032574
-0.063501
-0.028304
0.040748
-0.062769
-0.06954
-0.064111
-0.083326
-0.074115
-0.076433
-0.097661
-0.104127
-0.107238
-0.112484
-0.08296
-0.083509
-0.119865
-0.19947
-0.178059
-0.115717
-0.133041
-0.118157
-0.107482
-0.098759
-0.044957
-0.038674
-0.011773
-0.016592
0.048495
-0.065209
-0.03172
-0.070882
-0.138958
-0.13603
-0.111447
-0.114924
-0.117303
-0.088755
-0.075152
-0.115778
-0.067283
-0.145119
-0.198555
-0.157624
-0.134993
-0.137982
-0.145302
-0.058194
0.010309
-0.009455
-0.015555
-0.000976
0.033977
-0.032696
-0.009272
-0.075579
-0.087657
-0.070394
-0.085156
-0.059292
-0.06405
-0.10126
-0.106323
-0.050142
-0.008967
-0.095587
-0.162199
-0.122427
-0.129564
-0.188673
-0.143777
-0.07808
0.004941
0.026901
0.021289
0.024766
0.110471
0.001037
-0.042456
-0.044957
-0.105713
-0.126575
-0.082289
-0.091622
-0.0793
-0.087352
-0.099857
-0.090829
-0.029524
-0.091927
-0.130906
-0.142496
-0.092354
-0.138287
-0.125111
-0.076799
-0.05429
-0.001891
0.073993
0.194651
0.116205
-0.041114
-0.013664
-0.076555
-0.06649
-0.105225
-0.091073
-0.055144
-0.038552
-0.006527
-0.034221
-0.032208
0.02257
-0.09516
-0.150426
-0.142618
-0.156831
-0.125599
-0.074969
-0.050813
-0.001891
0.070882
0.099186
0.083997
0.101687
0.15067
0.050142
-0.014579
-0.018605
-0.066307
-0.052399
-0.068808
-0.07625
-0.047702
-0.010065
-0.031476
-0.036905
0.009577
-0.06832
-0.102297
-0.138165
-0.125355
-0.13786
-0.16836
-0.111813
-0.095282
-0.063379
-0.040138
-0.017507
-0.00305
0.013725
0.017995
0.026596
-0.150853
-0.129076
-0.089975
-0.140178
-0.141825
-0.130662
-0.107604
-0.07442
-0.076921
-0.068686
-0.036051
-0.02257
-0.05795
-0.058987
-0.053924
-0.048617
0.010919
-0.003416
-0.059414
-0.119682
-0.138531
-0.059109
-0.050325
0.012322
-0.046177
-0.019459
-0.019093
0.001037
-0.017751
-0.019947
-0.001037
-0.091805
-0.149938
-0.165127
-0.155123
-0.145607
-0.093635
-0.057279
-0.076921
-0.073444
-0.000427
-0.094977
-0.123586
-0.143289
-0.18056
-0.182024
-0.196237
-0.208376
-0.132675
-0.071919
-0.020008
-0.065636
-0.080459
-0.052704
-0.046665
0.042029
-0.102846
-0.079544
-0.144448
-0.173484
-0.107482
-0.057035
-0.034831
-0.085278
-0.101443
-0.102846
-0.039955
-0.006771
-0.102175
-0.140849
-0.136335
-0.169275
-0.142984
-0.109373
-0.075396
-0.033916
-0.028121
0.000183
0.024339
0.070943
-0.058621
-0.072834
-0.09272
-0.153171
-0.099186
-0.075274
-0.039772
-0.057889
-0.055022
-0.060939
-0.055388
-0.001586
-0.041297
-0.119072
-0.125965
-0.162687
-0.166103
-0.15799
-0.069845
-0.007015
-0.007503
0.000793
0.016104
0.093147
-0.086986
-0.087535
-0.109617
-0.115046
-0.040199
-0.067527
-0.100894
-0.074725
-0.084668
-0.054473
-0.058682
-0.036539
-0.078812
-0.123769
-0.171654
-0.147071
-0.118218
-0.099979
-0.05551
-0.013969
-0.009211
0.010797
0.155245
0.088389
-0.005673
-0.027511
-0.108885
-0.115534
-0.084363
-0.087962
-0.028426
-0.03416
-0.043554
-0.0488
-0.017751
-0.039772
-0.068869
-0.111813
-0.186416
-0.170312
-0.166164
-0.092537
-0.044835
-0.034892
-0.065636
-0.045628
0.050203
-0.021716
-0.041968
-0.084668
-0.104859
-0.101565
-0.109678
-0.110654
-0.03843
-0.020984
-0.061915
0.045994
0.006283
-0.15311
-0.069967
-0.102053
-0.122732
-0.11834
-0.10614
-0.012017
-0.00976
-0.031049
-0.026108
0.059963
0.038796
-0.050081
-0.01159
-0.114741
-0.060451
-0.081618
-0.088999
-0.014335
-0.038674
-0.015433
-0.019093
-0.030622
-0.045506
-0.065819
-0.067161
-0.0976
-0.123708
-0.159881
-0.111386
-0.060024
-0.043737
-0.026596
0.006527
-0.007747
-0.066795
-0.08845
-0.0671
-0.101138
-0.063074
-0.099552
-0.086864
-0.076799
-0.064111
-0.04575
-0.030195
0.006893
-0.045689
-0.132858
-0.105896
-0.131638
-0.085949
-0.103395
-0.088206
-0.058682
-0.039589
-0.018788
0.028243
0.14396
0.012688
-0.02928
0.000305
-0.041907
-0.065148
-0.061732
-0.078507
-0.031415
-0.050447
-0.099918
-0.015799
-0.03782
-0.086315
-0.060817
-0.11468
-0.04026
-0.103273
-0.119865
0.000549
-0.075701
-0.081618
-0.036661
0.035685
0.037454
-0.004575
0.01952
-0.047946
-0.073627
-0.05734
-0.057401
-0.049227
-0.033062
-0.015067
0.02623
0.152988
0.036661
-0.047763
-0.039955
-0.089853
-0.084363
-0.054046
0.022875
-0.002013
-0.055449
-0.037942
0.00366
0.011407
-0.053863
-0.041114
-0.085095
-0.063989
-0.036234
-0.087291
-0.09638
-0.16714
-0.01037
0.071126
0.048495
-0.074115
-0.128405
-0.058499
-0.09882
-0.108702
-0.10736
-0.071126
-0.009943
-0.008479
0.029341
0.092781
0.079605
-0.044042
-0.037454
-0.05856
-0.067893
-0.138226
-0.069479
-0.058621
-0.05856
-0.055388
0.013237
0.021838
-0.019947
-0.045994
-0.071004
-0.147193
-0.143106
-0.120597
-0.066612
-0.074176
-0.051789
-0.017263
0.035685
0.088084
0.075762
-0.047824
-0.053924
-0.067222
-0.083387
-0.095404
-0.055876
-0.062159
-0.087779
-0.088694
-0.031659
0.03538
-0.043493
-0.072163
-0.056852
-0.038003
-0.041846
-0.055998
-0.240584
-0.068747
-0.020679
-0.07259
-0.076128
-0.078202
-0.005856
-0.006527
-0.066185
-0.05307
-0.061793
-0.110166
-0.126514
-0.210328
-0.149694
-0.200873
-0.127917
-0.22936
-0.148352
-0.167994
