-1.156201487096462691e-06
-1.771791621886371608e-06
-1.439864028461187553e-06
1.991358741198097408e-18
2.404618959773124324e-06
5.336860346998693809e-06
8.142525862927897038e-06
1.008126426889046109e-05
1.048685016225745288e-05
8.925184341166482165e-06
5.317311969736922484e-06
-1.022433418717642966e-17
-6.292816687370836308e-06
-1.252994985596855951e-05
-1.755087856360056269e-05
-2.027447722380803014e-05
-1.991189306252715130e-05
-1.614378113735647974e-05
-9.226160948819948297e-06
-7.429004708038436085e-18
1.020438796238145476e-05
1.975855452941589882e-05
2.699536417219040789e-05
3.049540396199197864e-05
2.935173790491394429e-05
2.336521865226737424e-05
1.313182823611605001e-05
-5.278529646342443487e-18
-1.410294006639478551e-05
-2.695362411266842076e-05
-3.638329149715670134e-05
-4.064091823785818323e-05
-3.870841283992704869e-05
-3.051236615690141154e-05
-1.699136522857193796e-05
-1.495204459270688784e-18
1.794298403849176605e-05
3.402864358453557247e-05
4.559830884476928425e-05
5.058139225961059206e-05
4.785865708294303702e-05
3.748813710980813729e-05
2.075070709758576821e-05
1.529687996945156866e-18
-2.166731030773951679e-05
-4.087491018320571631e-05
-5.449440653019961024e-05
-6.015440176692202527e-05
-5.664829517101866666e-05
-4.417133507418497933e-05
-2.434251003775139802e-05
5.469987805782236997e-18
2.520500660257353966e-05
4.735804676464608646e-05
6.289159858769673486e-05
6.916031674204002144e-05
6.488841521326022411e-05
5.041392691621413252e-05
2.768478569752591146e-05
-1.207137542609915985e-17
-2.847032106933659063e-05
-5.331611985465612992e-05
-7.057375592771075723e-05
-7.736027869930150243e-05
-7.235380411808025800e-05
-5.604008216397047745e-05
-3.068051180048417254e-05
-5.070997171138903824e-18
3.136254036136250318e-05
5.855966710458979617e-05
7.728897698965101436e-05
8.447696895615006618e-05
7.878400064294566771e-05
6.084724466796262275e-05
3.321835742245523893e-05
-4.083547627376979590e-18
-3.376700962274310368e-05
-6.287385765791988243e-05
-8.275277321638200439e-05
-9.019845183450563464e-05
-8.388721332364877615e-05
-6.460941375046844756e-05
-3.517461226489375180e-05
4.105409614568318950e-19
3.555737028786379886e-05
6.602291303410302023e-05
8.665421928660088202e-05
9.418523667108670702e-05
8.734721899354252724e-05
6.708271007500279015e-05
3.641635334862215647e-05
3.264147649248124259e-18
-3.659903432186571601e-05
-6.775680909161759023e-05
-8.866507672450444104e-05
-9.608054807517832862e-05
-8.883321363480677969e-05
-6.801319036555304742e-05
-3.680582196522180235e-05
-1.355180976959423873e-17
3.675385213950867365e-05
6.782016556466336312e-05
8.845174973449235472e-05
9.552363106196119140e-05
8.801243633985772941e-05
6.714675921496799033e-05
3.620592085817291429e-05
-9.672443047966625760e-18
-3.588586839860323621e-05
-6.596311313611818202e-05
-8.568977988479245967e-05
-9.216575307129390513e-05
-8.456523530568495846e-05
-6.424091025387584984e-05
-3.448667902223280447e-05
-5.932701299389303799e-18
3.386799776651746484e-05
6.195381382805755107e-05
8.008043791742152858e-05
8.568840532391003881e-05
7.820209841081020264e-05
5.907791779027261094e-05
3.153247186368845839e-05
-8.419951171824437986e-19
-3.058939425864342049e-05
-5.559220357578282385e-05
-7.136883290129479368e-05
-7.582305840791437842e-05
-6.868203642336468111e-05
-5.147899856321837058e-05
-2.724973038612713464e-05
5.300489276040093448e-18
2.596323546555721055e-05
4.672443100787503561e-05
5.936283742708694258e-05
6.237169815013288230e-05
5.583159044153954094e-05
4.131887617110724468e-05
2.157482708268198209e-05
-2.207464346594936209e-17
-1.993459939200134342e-05
-3.525738821568682926e-05
-4.395202841397985021e-05
-4.522726397757357756e-05
-3.956364248216062018e-05
-2.854011235493624865e-05
-1.448179062108081177e-05
-1.477845805546421944e-17
1.248807896302305872e-05
2.117267171505776230e-05
2.512577157874527981e-05
2.439303864687125117e-05
1.989514423288030678e-05
1.316652339760958602e-05
5.989478203704975167e-06
-9.973513477577921921e-18
-3.654759408743654126e-06
-4.539278312727237069e-06
-2.989538054714774367e-06
-8.789292559488242478e-18
3.037152029246955695e-06
4.685020504517962217e-06
3.832174740767640316e-06
-3.286941414950779557e-18
-6.481821793093358378e-06
-1.447566618365882476e-05
-2.222146264991428240e-05
-2.767885429075793462e-05
-2.896387145359975300e-05
-2.479510774747167309e-05
-1.485720199681993453e-05
-1.579806679298700248e-17
1.778110296818245393e-05
3.559882579994556287e-05
5.013221611222479581e-05
5.821815710600138939e-05
5.747397210700320807e-05
4.683526832705308302e-05
2.690030401555913622e-05
-9.584755365693958945e-18
-3.004265930875173977e-05
-5.844585034319971738e-05
-8.022221447324847906e-05
-9.103466335216262462e-05
-8.801026584121718268e-05
-7.036502064624101840e-05
-3.971551096356536523e-05
-3.341478395139440144e-19
4.300540080349626686e-05
8.252039842573087331e-05
1.118248489330418027e-04
1.253873259953986147e-04
1.198701747488821831e-04
9.483298190715304149e-05
5.299707449898624531e-05
-1.855524123958808372e-17
-5.634905480877067986e-05
-1.072174306144104490e-04
-1.441324423122123776e-04
-1.603835397767977209e-04
-1.522122411303488548e-04
-1.195824221945866858e-04
-6.638278497147395956e-05
-5.553825250460898207e-18
6.969811135766334771e-05
1.318310840839771454e-04
1.762073049601277364e-04
1.949919415099005777e-04
1.840687258782153235e-04
1.438614995998894368e-04
7.945983206851226193e-05
1.144235733351705469e-18
-8.262832790190458541e-05
-1.555672873326543971e-04
-2.069989945549172215e-04
-2.280619332167385833e-04
-2.143644216171238729e-04
-1.668382519865123489e-04
-9.177323828579417623e-05
-1.152641543592205809e-17
9.467579946078782374e-05
1.775611040855600389e-04
2.353677367308289019e-04
2.583498500172012684e-04
2.419415791842123564e-04
1.876202452272877994e-04
1.028367987383738385e-04
-4.769494548720981188e-18
-1.053485029574886947e-04
-1.968986148385460267e-04
-2.601137261048458134e-04
-2.845514365011083367e-04
-2.655906064517552520e-04
-2.052785936736066486e-04
-1.121463608792704162e-04
-1.876493172626209887e-17
1.141401240846744354e-04
2.126429585969684876e-04
2.800117841269153486e-04
3.053400319835477823e-04
2.840859552168322833e-04
2.188758825228245613e-04
1.191951770969146068e-04
-1.615280948081049630e-17
-1.205458748381009742e-04
-2.238639727449545538e-04
-2.938506097802377108e-04
-3.194096058862023655e-04
-2.962263735488900821e-04
-2.274973402908095084e-04
-1.234909655251322294e-04
5.108161861393824395e-18
1.240799135403680567e-04
2.296706923795572674e-04
3.004756303595834590e-04
3.255215390788256352e-04
3.008784764763323223e-04
2.302844395594144807e-04
1.245742234104101976e-04
-2.511482043106710139e-17
-1.242938904139918714e-04
-2.292458086548994627e-04
-2.988342511923936461e-04
-3.225538249143889672e-04
-2.970223859914062400e-04
-2.264699522683218168e-04
-1.220372566441188636e-04
-7.469647915746911618e-18
1.207960641401354502e-04
2.218810452660676129e-04
2.880221237828052691e-04
3.095511740617249178e-04
2.837980204791260268e-04
2.154133584319428913e-04
1.155433220168011245e-04
8.265037365715569737e-18
-1.132703717043054016e-04
-2.070122993034824324e-04
-2.673289093580864979e-04
-2.857743585507730344e-04
-2.605504815344892211e-04
-1.966354101160641460e-04
-1.048452284795753505e-04
-2.224162120586870776e-17
1.014947881966888666e-04
1.842533127727068762e-04
2.362819161931518322e-04
2.507470301222544120e-04
2.268728994597370846e-04
1.698505908335565945e-04
8.980271288489810448e-05
-1.141069626917397264e-17
-8.535828763198968295e-05
-1.534265986826034559e-04
-1.946859401770253137e-04
-2.042982021285012480e-04
-1.826450629906008238e-04
-1.349961882788433282e-04
-7.039789642773790429e-05
-3.604222895367573996e-17
6.487571226139770728e-05
1.145903442355555326e-04
1.426576432466806653e-04
1.465985973743896278e-04
1.280661779735561433e-04
9.225671839494087160e-05
4.674814181641406759e-05
-1.913732326081010501e-17
-4.019987756089750446e-05
-6.806005557386562749e-05
-8.065286626612979185e-05
-7.818913914703591388e-05
-6.368017608391623335e-05
-4.208250274872574214e-05
-1.911566881667641781e-05
2.874985286745069312e-18
1.163028368527800242e-05
1.442379461975454366e-05
9.485392611662669707e-06
-3.996873632486041489e-17
-9.607871284222736173e-06
-1.479869075585791129e-05
-1.208665275547518344e-05
-3.427187641827931049e-17
2.038212853825003315e-05
4.545001174858696679e-05
6.966414483996681854e-05
8.664117866125336642e-05
9.052548857939291763e-05
7.737788295730987497e-05
4.629382908230314199e-05
-1.294874651830238259e-17
-5.523464903043630823e-05
-1.104130386673212859e-04
-1.552502903270132502e-04
-1.800130269209724220e-04
-1.774376926483713188e-04
-1.443697426014345950e-04
-8.279197807770782847e-05
1.488044339027758566e-17
9.217725839756652254e-05
1.790464455367577216e-04
2.453765231063936543e-04
2.780169688388321476e-04
2.683637712174249154e-04
2.142265912589751619e-04
1.207265405839127260e-04
-3.005751789905546902e-17
-1.303221083198967704e-04
-2.496795701885207944e-04
-3.378212226105626638e-04
-3.782069959405240248e-04
-3.610063331536061352e-04
-2.851618188494318669e-04
-1.591155920190675144e-04
-3.141446710402254413e-18
1.686581101283946818e-04
3.204180621704454351e-04
4.300759610438830154e-04
4.778327715807156894e-04
4.527926575418586195e-04
3.551826944147709131e-04
1.968682265299623226e-04
-5.550041176969362841e-17
-2.060705639800669499e-04
-3.891812933466704677e-04
-5.193958635369775711e-04
-5.738957321983561384e-04
-5.409279841509518879e-04
-4.221322610592240731e-04
-2.328078249220344583e-04
-1.901585966868601119e-17
2.413655990393150368e-04
4.537485837256837492e-04
6.028613826210925787e-04
6.632174248001014702e-04
6.224599930110613025e-04
4.837397014010646817e-04
2.656998537818632878e-04
-7.906905384816289050e-19
-2.732990312159179935e-04
-5.118134779039078134e-04
-6.774504389976606115e-04
-7.425188934447239739e-04
-6.943533276062058193e-04
-5.376782597586304965e-04
-2.942836813030451229e-04
-4.780761853625662571e-17
3.006090844131986749e-04
5.610450121828698721e-04
7.401194967841613539e-04
8.085095145215351938e-04
7.535726371043513592e-04
5.816295191784278534e-04
3.173077405848072547e-04
-1.847396903767741142e-17
-3.220522690935711282e-04
-5.991546339247362345e-04
-7.878917811629321732e-04
-8.579832948225397417e-04
-7.971722606253110093e-04
-6.133525649050231010e-04
-3.335672287534053779e-04
1.679975035221866765e-17
3.364415734291708866e-04
6.239671825081015248e-04
8.179505219927575175e-04
8.879203010689768740e-04
8.223903630068951512e-04
6.307563302621134503e-04
3.419434051700495181e-04
-5.155862604683423020e-17
-3.426860022849101406e-04
-6.334941243728113829e-04
-8.277348301266494951e-04
-8.955905972112617082e-04
-8.267450683195414710e-04
-6.319732248634968297e-04
-3.414434488622394544e-04
1.122588732143151845e-17
3.398304023291366443e-04
6.260070613535955288e-04
8.150355945937497572e-04
8.786578378339007008e-04
8.081299348566775174e-04
6.154319963679067427e-04
3.312397583177366660e-04
-7.648989433167386656e-17
-3.270944416586704607e-04
-6.001094090516726712e-04
-7.780886376847755571e-04
-8.352795121817404569e-04
-7.649059823281462037e-04
-5.799276822684021945e-04
-3.107075293720006808e-04
-2.514612684238022290e-17
3.039095727871855140e-04
5.548040762900078356e-04
7.156622888686759885e-04
7.642007615440904109e-04
6.959874255678477964e-04
5.246864726456802004e-04
2.794594318419094765e-04
1.769711074537799168e-17
-2.699528011560990964e-04
-4.895549721827057669e-04
-6.271365428408177956e-04
-6.648387086652314841e-04
-6.009182941563731778e-04
-4.494233320050153952e-04
-2.373762245985763894e-04
-5.726089096213407247e-17
2.251761090813857429e-04
4.043402266882994739e-04
5.125710551085624301e-04
5.373543446475082105e-04
4.799372266205747324e-04
3.543903200338151499e-04
1.846322027995913326e-04
-2.152297213422027648e-17
-1.698304478236858407e-04
-2.996951345893692680e-04
-3.727594011368558420e-04
-3.827092170272029695e-04
-3.340279214490817286e-04
-2.404137072625382797e-04
-1.217144598000429909e-04
3.925184069874267869e-17
1.044833078187651560e-04
1.767430205380906086e-04
2.092672804946689555e-04
2.027044500798775043e-04
1.649530027050624291e-04
1.089182001083086564e-04
4.943506860885377705e-05
-5.499718144002031170e-17
-3.002900750553525917e-05
-3.721247111068967997e-05
-2.445268134482233069e-05
-3.586479558364105622e-17
2.473058942158791844e-05
3.806313336147651623e-05
3.106455867872640877e-05
2.835834352583661047e-18
-5.230899790041434788e-05
-1.165603162649960260e-04
-1.785335737637535290e-04
-2.218875043261781075e-04
-2.316761505816653508e-04
-1.978943163089935372e-04
-1.183176935350195195e-04
-1.582962780024050268e-17
1.409842985044892243e-04
2.816449648667154987e-04
3.957680116963140657e-04
4.586094698573500890e-04
4.517726921212672779e-04
3.673579998993794539e-04
2.105450506535652157e-04
-3.816117743261276298e-17
-2.341425031978990479e-04
-4.545466349562873182e-04
-6.225960136403585910e-04
-7.050331640263922785e-04
-6.801918040033211885e-04
-5.426933795493054128e-04
-3.056764157737372760e-04
-5.988498866281601758e-17
3.296450774996989791e-04
6.312521054333620259e-04
8.536946752515337270e-04
9.553126148654005013e-04
9.114557913343289365e-04
7.196503515535287564e-04
4.013810363560985496e-04
-8.042427675999205885e-20
-4.251018800656880168e-04
-8.072918586731443269e-04
-1.083156475475399770e-03
-1.202981915548346657e-03
-1.139526390965655113e-03
-8.935593229754587022e-04
-4.951064268716380123e-04
-4.418440129223836482e-18
5.179119886892816172e-04
9.778173562539247635e-04
1.304592619383027540e-03
1.441069625944887403e-03
1.357912787250467688e-03
1.059415638679544330e-03
5.841249978980087932e-04
-4.101692203681821631e-17
-6.053121651970615365e-04
-1.137692248581034056e-03
-1.511254341370403586e-03
-1.662232339617353586e-03
-1.559797071956342714e-03
-1.211977152189654908e-03
-6.655876828826542144e-04
-6.717489089857803126e-17
6.844320762220926658e-04
1.281595834918306757e-03
1.696169901997106972e-03
1.858904890802943110e-03
1.738174749329920044e-03
1.345873054451007323e-03
7.365835152877519935e-04
7.728789280455046732e-19
-7.523551702811636429e-04
-1.404136694748884780e-03
-1.852294501038061723e-03
-2.023464130112671497e-03
-1.886007389702253848e-03
-1.455721699022209789e-03
-7.942039085344673299e-04
2.517147526357374530e-18
8.061839175172735589e-04
1.499974058797398646e-03
1.972669876742503062e-03
2.148402716795108289e-03
1.996384099293209858e-03
1.536254835419818528e-03
8.356102180296560468e-04
-5.927967212790609083e-17
-8.431079530161698357e-04
-1.563944189701009296e-03
-2.050589981280766076e-03
-2.226508974934667158e-03
-2.062688114072065183e-03
-1.582445394927896407e-03
-8.581030242076220522e-04
-7.762212688978166702e-17
8.604735332690831339e-04
1.591188808131481112e-03
2.079768827698483171e-03
2.251048554408126897e-03
2.078764553961919611e-03
1.589635774340097518e-03
8.591914728639034500e-04
2.335989055779082289e-17
-8.558526227522494445e-04
-1.577282438550530038e-03
-2.054506405009151430e-03
-2.215943436050092901e-03
-2.039085200360769585e-03
-1.553663440315727938e-03
-8.366609479674646469e-04
-1.178525510427162868e-17
8.271098774037491819e-04
1.518355466187777279e-03
1.969848463537145038e-03
2.115943732720804941e-03
1.938906092433610034e-03
1.470980635758519168e-03
7.886373354837551610e-04
-6.245534034659610566e-17
-7.724657865112140786e-04
-1.411209697719211257e-03
-1.821735987654601657e-03
-1.946787769333512864e-03
-1.774413780549460645e-03
-1.338765013192896652e-03
-7.136461661052636218e-04
-7.885757642107870509e-17
6.905542755255921579e-04
1.253423304600647910e-03
1.607140300091944307e-03
1.705346077556229179e-03
1.542856230289179438e-03
1.155018149469234576e-03
6.106650005843968247e-04
2.213330179385003466e-17
-5.804731596063521931e-04
-1.043442199901531420e-03
-1.324179980333943128e-03
-1.389745213723132247e-03
-1.242654636131434141e-03
-9.186491098741586059e-04
-4.791675426158649616e-04
-1.118711163743456203e-17
4.418259700412081317e-04
7.806551541132921140e-04
9.722161254420562957e-04
9.994676968856255721e-04
8.734927756635875234e-04
6.295405240028653432e-04
3.191581287348577850e-04
-6.236261190749950610e-17
-2.747538504989230010e-04
-4.654502878094968405e-04
-5.519229280150744462e-04
-5.354248600109721068e-04
-4.363810052401815610e-04
-2.885950044280802956e-04
-1.311954489455786498e-04
-1.104093589378661724e-16
7.995643359169033468e-05
9.925098187977048297e-05
6.533108306592513891e-05
-2.310184610927910517e-17
-6.630744412052304597e-05
-1.022398261159802651e-04
-8.359540884816853840e-05
-6.158280924691877472e-17
1.412991445215129517e-04
3.154702900020884648e-04
4.841578492812940874e-04
6.029401125034994065e-04
6.308295794293078797e-04
5.399689429688188510e-04
3.235232288606552388e-04
-1.162433834035697323e-17
-3.871816587338354964e-04
-7.752011883018866635e-04
-1.091787320163480459e-03
-1.268066561196328108e-03
-1.252096184445567612e-03
-1.020570873250659441e-03
-5.863435987396184521e-04
-6.588544414045676665e-17
6.553119101187521731e-04
1.275422224891888980e-03
1.751492378067638937e-03
1.988642859005216451e-03
1.923726068970611942e-03
1.539042141178993423e-03
8.692845423769911999e-04
-1.344429549054559610e-17
-9.427915036348862975e-04
-1.810662828117455244e-03
-2.455976683585466783e-03
-2.756612362838755000e-03
-2.638130557735482613e-03
-2.089464771780578326e-03
-1.169084580379068511e-03
-8.229106143403095285e-17
1.246243935899717927e-03
2.374580031720827621e-03
3.196818912293519950e-03
3.562717299655032092e-03
3.386626989612955170e-03
2.665095840222782980e-03
1.482042631297533384e-03
-1.446484220857638389e-17
-1.561867328981802290e-03
-2.960058489837437325e-03
-3.964606758085968859e-03
-4.396647369835192040e-03
-4.159579256997779015e-03
-3.258477489705253853e-03
-1.804078862935833008e-03
-6.135350818207932300e-17
1.885497846018971326e-03
3.559329969373096082e-03
4.749096034664689915e-03
5.247215126236666471e-03
4.946562711789758045e-03
3.861565307108153974e-03
2.130805316836729968e-03
7.532116792823165628e-18
-2.212682543877969241e-03
-4.164109958166795945e-03
-5.539391710258413995e-03
-6.102554618553951600e-03
-5.736550117700997369e-03
-4.465872457053971130e-03
-2.457604868231407294e-03
-8.783439593921615379e-17
2.538760164782381899e-03
4.765748566563165513e-03
6.324147118372070407e-03
6.950339162355471771e-03
6.518114756608726391e-03
5.062626545281144648e-03
2.779716855623942141e-03
5.074699451315000011e-18
-2.858948149927695737e-03
-5.355392504337342340e-03
-7.091777082072354618e-03
-7.778013558177586037e-03
-7.279646315475359238e-03
-5.642935823423704186e-03
-3.092327525196793790e-03
-8.693144654621415188e-17
3.168433979818756525e-03
5.924154595568576279e-03
7.830680285483391720e-03
8.573035663627022809e-03
8.009574803855518815e-03
6.197961069771511580e-03
3.390663290888739669e-03
1.770330658055133074e-17
-3.462468813588867080e-03
-6.463287060444618780e-03
-8.529465935617427247e-03
-9.323121923048157192e-03
-8.696597491291315277e-03
-6.719089292622551328e-03
-3.670084715562159979e-03
-1.044681310824784505e-16
3.736461316899224259e-03
6.964354652127877597e-03
9.177179589314621994e-03
1.001649129410065418e-02
9.329903717104045049e-03
7.198105310290077267e-03
3.926179075218895476e-03
3.865667012690393458e-17
-3.986069537844505982e-03
-7.419403693425940562e-03
-9.763522979517083936e-03
-1.064210198427337391e-02
-9.899392416990931282e-03
-7.627357268087380827e-03
-4.154849378335258477e-03
-1.326543005874083232e-16
4.207288713900725861e-03
7.821123114068082374e-03
1.027906276463376456e-02
1.118987552481256857e-02
1.039587733279711407e-02
7.999912258321702219e-03
4.352397776295559989e-03
-4.316785860061478260e-17
-4.396532970149204765e-03
-8.162993744280819600e-03
-1.071542334300759798e-02
-1.165090296294792570e-02
-1.081127512169177164e-02
-8.309698412567160034e-03
-4.515601417326126077e-03
-3.459727994090464286e-17
4.550708998218183990e-03
8.439422370740213078e-03
1.106545921678178321e-02
1.201762833997931622e-02
1.113877195308635853e-02
8.551630131529042167e-03
4.641778962601087431e-03
-4.157349521908028975e-17
-4.667279983510724990e-03
-8.645857400926141093e-03
-1.132340284752729638e-02
-1.228400513350332186e-02
-1.137296466702307322e-02
-8.721713499574207384e-03
-4.728846195240818395e-03
-3.467613830976659678e-17
4.744318271020948712e-03
8.778883403045549538e-03
1.148498450859549054e-02
1.244562196410300102e-02
1.150997315436389813e-02
8.817129388856792191e-03
4.775359405458871193e-03
-5.550708095938845250e-17
-4.780545521713263496e-03
-8.836292280404823424e-03
-1.154752129202954967e-02
9.874837721757013798e-01
-1.154752129202954967e-02
-8.836292280404823424e-03
-4.780545521713263496e-03
-5.550708095938845250e-17
4.775359405458871193e-03
8.817129388856792191e-03
1.150997315436389813e-02
1.244562196410300102e-02
1.148498450859549054e-02
8.778883403045549538e-03
4.744318271020948712e-03
-3.467613830976659678e-17
-4.728846195240818395e-03
-8.721713499574207384e-03
-1.137296466702307322e-02
-1.228400513350332186e-02
-1.132340284752729638e-02
-8.645857400926141093e-03
-4.667279983510724990e-03
-4.157349521908028975e-17
4.641778962601087431e-03
8.551630131529042167e-03
1.113877195308635853e-02
1.201762833997931622e-02
1.106545921678178321e-02
8.439422370740213078e-03
4.550708998218183990e-03
-3.459727994090464286e-17
-4.515601417326126077e-03
-8.309698412567160034e-03
-1.081127512169177164e-02
-1.165090296294792570e-02
-1.071542334300759798e-02
-8.162993744280819600e-03
-4.396532970149204765e-03
-4.316785860061478260e-17
4.352397776295559989e-03
7.999912258321702219e-03
1.039587733279711407e-02
1.118987552481256857e-02
1.027906276463376456e-02
7.821123114068082374e-03
4.207288713900725861e-03
-1.326543005874083232e-16
-4.154849378335258477e-03
-7.627357268087380827e-03
-9.899392416990931282e-03
-1.064210198427337391e-02
-9.763522979517083936e-03
-7.419403693425939694e-03
-3.986069537844505982e-03
3.865667012690393458e-17
3.926179075218895476e-03
7.198105310290077267e-03
9.329903717104043315e-03
1.001649129410065418e-02
9.177179589314621994e-03
6.964354652127877597e-03
3.736461316899224259e-03
-1.044681310824784381e-16
-3.670084715562159979e-03
-6.719089292622551328e-03
-8.696597491291315277e-03
-9.323121923048157192e-03
-8.529465935617425512e-03
-6.463287060444618780e-03
-3.462468813588867080e-03
1.770330658055133074e-17
3.390663290888739669e-03
6.197961069771511580e-03
8.009574803855518815e-03
8.573035663627021075e-03
7.830680285483391720e-03
5.924154595568576279e-03
3.168433979818756092e-03
-8.693144654621415188e-17
-3.092327525196793790e-03
-5.642935823423704186e-03
-7.279646315475359238e-03
-7.778013558177586037e-03
-7.091777082072354618e-03
-5.355392504337341472e-03
-2.858948149927695737e-03
5.074699451315000011e-18
2.779716855623942141e-03
5.062626545281144648e-03
6.518114756608725524e-03
6.950339162355471771e-03
6.324147118372070407e-03
4.765748566563165513e-03
2.538760164782381899e-03
-8.783439593921615379e-17
-2.457604868231407294e-03
-4.465872457053970263e-03
-5.736550117700997369e-03
-6.102554618553951600e-03
-5.539391710258413128e-03
-4.164109958166795945e-03
-2.212682543877968807e-03
7.532116792823165628e-18
2.130805316836729968e-03
3.861565307108153541e-03
4.946562711789758045e-03
5.247215126236666471e-03
4.749096034664689915e-03
3.559329969373096082e-03
1.885497846018971326e-03
-6.135350818207932300e-17
-1.804078862935833008e-03
-3.258477489705253853e-03
-4.159579256997779015e-03
-4.396647369835192040e-03
-3.964606758085968859e-03
-2.960058489837437325e-03
-1.561867328981802290e-03
-1.446484220857637773e-17
1.482042631297533384e-03
2.665095840222782980e-03
3.386626989612954303e-03
3.562717299655032092e-03
3.196818912293519083e-03
2.374580031720827621e-03
1.246243935899717927e-03
-8.229106143403094053e-17
-1.169084580379068511e-03
-2.089464771780577892e-03
-2.638130557735482613e-03
-2.756612362838755000e-03
-2.455976683585466783e-03
-1.810662828117455244e-03
-9.427915036348861891e-04
-1.344429549054559610e-17
8.692845423769911999e-04
1.539042141178993423e-03
1.923726068970611942e-03
1.988642859005216451e-03
1.751492378067638937e-03
1.275422224891888980e-03
6.553119101187521731e-04
-6.588544414045676665e-17
-5.863435987396184521e-04
-1.020570873250659441e-03
-1.252096184445567395e-03
-1.268066561196328108e-03
-1.091787320163480459e-03
-7.752011883018865551e-04
-3.871816587338354964e-04
-1.162433834035697323e-17
3.235232288606552388e-04
5.399689429688188510e-04
6.308295794293078797e-04
6.029401125034994065e-04
4.841578492812940331e-04
3.154702900020884648e-04
1.412991445215129517e-04
-6.158280924691877472e-17
-8.359540884816853840e-05
-1.022398261159802651e-04
-6.630744412052304597e-05
-2.310184610927910517e-17
6.533108306592513891e-05
9.925098187977048297e-05
7.995643359169033468e-05
-1.104093589378661724e-16
-1.311954489455786227e-04
-2.885950044280802956e-04
-4.363810052401815610e-04
-5.354248600109719983e-04
-5.519229280150744462e-04
-4.654502878094967863e-04
-2.747538504989230010e-04
-6.236261190749950610e-17
3.191581287348577308e-04
6.295405240028653432e-04
8.734927756635874150e-04
9.994676968856255721e-04
9.722161254420562957e-04
7.806551541132921140e-04
4.418259700412081317e-04
-1.118711163743456049e-17
-4.791675426158649616e-04
-9.186491098741586059e-04
-1.242654636131434141e-03
-1.389745213723132247e-03
-1.324179980333942911e-03
-1.043442199901531420e-03
-5.804731596063521931e-04
2.213330179385003466e-17
6.106650005843968247e-04
1.155018149469234142e-03
1.542856230289179438e-03
1.705346077556228745e-03
1.607140300091944307e-03
1.253423304600647910e-03
6.905542755255921579e-04
-7.885757642107870509e-17
-7.136461661052635134e-04
-1.338765013192896652e-03
-1.774413780549460645e-03
-1.946787769333512648e-03
-1.821735987654601657e-03
-1.411209697719211040e-03
-7.724657865112140786e-04
-6.245534034659610566e-17
7.886373354837551610e-04
1.470980635758519168e-03
1.938906092433609601e-03
2.115943732720804941e-03
1.969848463537145038e-03
1.518355466187777279e-03
8.271098774037491819e-04
-1.178525510427162868e-17
-8.366609479674646469e-04
-1.553663440315727505e-03
-2.039085200360769585e-03
-2.215943436050092901e-03
-2.054506405009150997e-03
-1.577282438550530038e-03
-8.558526227522492277e-04
2.335989055779082289e-17
8.591914728639034500e-04
1.589635774340097518e-03
2.078764553961919177e-03
2.251048554408126030e-03
2.079768827698483171e-03
1.591188808131481112e-03
8.604735332690832423e-04
-7.762212688978164236e-17
-8.581030242076217269e-04
-1.582445394927896407e-03
-2.062688114072065183e-03
-2.226508974934667592e-03
-2.050589981280765643e-03
-1.563944189701008862e-03
-8.431079530161698357e-04
-5.927967212790609083e-17
8.356102180296561552e-04
1.536254835419818311e-03
1.996384099293209424e-03
2.148402716795108289e-03
1.972669876742503062e-03
1.499974058797398863e-03
8.061839175172734505e-04
2.517147526357374145e-18
-7.942039085344673299e-04
-1.455721699022209789e-03
-1.886007389702254499e-03
-2.023464130112670629e-03
-1.852294501038061507e-03
-1.404136694748884780e-03
-7.523551702811636429e-04
7.728789280455045769e-19
7.365835152877518851e-04
1.345873054451007323e-03
1.738174749329920044e-03
1.858904890802943110e-03
1.696169901997106322e-03
1.281595834918306323e-03
6.844320762220926658e-04
-6.717489089857803126e-17
-6.655876828826542144e-04
-1.211977152189654692e-03
-1.559797071956342497e-03
-1.662232339617353586e-03
-1.511254341370403586e-03
-1.137692248581034056e-03
-6.053121651970613196e-04
-4.101692203681820398e-17
5.841249978980087932e-04
1.059415638679544330e-03
1.357912787250467688e-03
1.441069625944887186e-03
1.304592619383027540e-03
9.778173562539247635e-04
5.179119886892816172e-04
-4.418440129223837252e-18
-4.951064268716379039e-04
-8.935593229754584853e-04
-1.139526390965655113e-03
-1.202981915548346657e-03
-1.083156475475400204e-03
-8.072918586731441101e-04
-4.251018800656879084e-04
-8.042427675999205885e-20
4.013810363560985496e-04
7.196503515535289733e-04
9.114557913343286112e-04
9.553126148654001761e-04
8.536946752515337270e-04
6.312521054333620259e-04
3.296450774996990333e-04
-5.988498866281600526e-17
-3.056764157737372760e-04
-5.426933795493054128e-04
-6.801918040033212969e-04
-7.050331640263923869e-04
-6.225960136403584826e-04
-4.545466349562872640e-04
-2.341425031978990479e-04
-3.816117743261276915e-17
2.105450506535651344e-04
3.673579998993793455e-04
4.517726921212671695e-04
4.586094698573500890e-04
3.957680116963141741e-04
2.816449648667154445e-04
1.409842985044892243e-04
-1.582962780024049960e-17
-1.183176935350195195e-04
-1.978943163089935643e-04
-2.316761505816652695e-04
-2.218875043261780262e-04
-1.785335737637535019e-04
-1.165603162649960260e-04
-5.230899790041434788e-05
2.835834352583660662e-18
3.106455867872639522e-05
3.806313336147650945e-05
2.473058942158791844e-05
-3.586479558364106239e-17
-2.445268134482232730e-05
-3.721247111068967320e-05
-3.002900750553525578e-05
-5.499718144002031170e-17
4.943506860885379061e-05
1.089182001083086293e-04
1.649530027050624020e-04
2.027044500798774501e-04
2.092672804946689555e-04
1.767430205380906357e-04
1.044833078187651289e-04
3.925184069874267253e-17
-1.217144598000429909e-04
-2.404137072625382797e-04
-3.340279214490817828e-04
-3.827092170272029152e-04
-3.727594011368557878e-04
-2.996951345893692680e-04
-1.698304478236858407e-04
-2.152297213422028264e-17
1.846322027995913055e-04
3.543903200338151499e-04
4.799372266205747324e-04
5.373543446475083189e-04
5.125710551085625385e-04
4.043402266882993113e-04
2.251761090813856887e-04
-5.726089096213407247e-17
-2.373762245985764166e-04
-4.494233320050151242e-04
-6.009182941563730694e-04
-6.648387086652314841e-04
-6.271365428408177956e-04
-4.895549721827058753e-04
-2.699528011560989879e-04
1.769711074537798860e-17
2.794594318419094223e-04
5.246864726456802004e-04
6.959874255678477964e-04
7.642007615440900856e-04
7.156622888686758801e-04
5.548040762900077272e-04
3.039095727871855140e-04
-2.514612684238022598e-17
-3.107075293720005724e-04
-5.799276822684019776e-04
-7.649059823281460953e-04
-8.352795121817404569e-04
-7.780886376847756655e-04
-6.001094090516725628e-04
-3.270944416586704065e-04
-7.648989433167386656e-17
3.312397583177366660e-04
6.154319963679068511e-04
8.081299348566771922e-04
8.786578378339004840e-04
8.150355945937496488e-04
6.260070613535955288e-04
3.398304023291366985e-04
1.122588732143151537e-17
-3.414434488622393460e-04
-6.319732248634968297e-04
-8.267450683195414710e-04
-8.955905972112619250e-04
-8.277348301266491699e-04
-6.334941243728111661e-04
-3.426860022849101406e-04
-5.155862604683423020e-17
3.419434051700495723e-04
6.307563302621132335e-04
8.223903630068950428e-04
8.879203010689768740e-04
8.179505219927576259e-04
6.239671825081017417e-04
3.364415734291707782e-04
1.679975035221866149e-17
-3.335672287534053779e-04
-6.133525649050232094e-04
-7.971722606253105756e-04
-8.579832948225395248e-04
-7.878917811629320648e-04
-5.991546339247362345e-04
-3.220522690935711824e-04
-1.847396903767740526e-17
3.173077405848070921e-04
5.816295191784277450e-04
7.535726371043513592e-04
8.085095145215354107e-04
7.401194967841612455e-04
5.610450121828696552e-04
3.006090844131986206e-04
-4.780761853625662571e-17
-2.942836813030451771e-04
-5.376782597586302797e-04
-6.943533276062057108e-04
-7.425188934447238655e-04
-6.774504389976606115e-04
-5.118134779039079218e-04
-2.732990312159178851e-04
-7.906905384816289050e-19
2.656998537818632336e-04
4.837397014010646817e-04
6.224599930110614110e-04
6.632174248001012533e-04
6.028613826210924703e-04
4.537485837256836950e-04
2.413655990393150368e-04
-1.901585966868601427e-17
-2.328078249220343499e-04
-4.221322610592239647e-04
-5.409279841509518879e-04
-5.738957321983561384e-04
-5.193958635369776795e-04
-3.891812933466703593e-04
-2.060705639800668957e-04
-5.550041176969362841e-17
1.968682265299623226e-04
3.551826944147710215e-04
4.527926575418584026e-04
4.778327715807155268e-04
4.300759610438830154e-04
3.204180621704454351e-04
1.686581101283947360e-04
-3.141446710402252872e-18
-1.591155920190674602e-04
-2.851618188494318669e-04
-3.610063331536062436e-04
-3.782069959405236995e-04
-3.378212226105625554e-04
-2.496795701885207402e-04
-1.303221083198967704e-04
-3.005751789905547519e-17
1.207265405839126718e-04
2.142265912589750806e-04
2.683637712174248612e-04
2.780169688388321476e-04
2.453765231063937085e-04
1.790464455367576403e-04
9.217725839756648189e-05
1.488044339027758257e-17
-8.279197807770782847e-05
-1.443697426014346221e-04
-1.774376926483712646e-04
-1.800130269209723949e-04
-1.552502903270131960e-04
-1.104130386673212859e-04
-5.523464903043632179e-05
-1.294874651830237797e-17
4.629382908230313522e-05
7.737788295730986142e-05
9.052548857939291763e-05
8.664117866125337997e-05
6.966414483996679144e-05
4.545001174858695324e-05
2.038212853825002976e-05
-3.427187641827931049e-17
-1.208665275547518683e-05
-1.479869075585790282e-05
-9.607871284222734479e-06
-3.996873632486041489e-17
9.485392611662669707e-06
1.442379461975454705e-05
1.163028368527799733e-05
2.874985286745068542e-18
-1.911566881667641781e-05
-4.208250274872574214e-05
-6.368017608391624690e-05
-7.818913914703587323e-05
-8.065286626612976474e-05
-6.806005557386562749e-05
-4.019987756089751801e-05
-1.913732326081010809e-17
4.674814181641404048e-05
9.225671839494084450e-05
1.280661779735561433e-04
1.465985973743896278e-04
1.426576432466805568e-04
1.145903442355554512e-04
6.487571226139770728e-05
-3.604222895367573996e-17
-7.039789642773791785e-05
-1.349961882788433011e-04
-1.826450629906007153e-04
-2.042982021285011938e-04
-1.946859401770253137e-04
-1.534265986826034830e-04
-8.535828763198964229e-05
-1.141069626917396647e-17
8.980271288489810448e-05
1.698505908335565945e-04
2.268728994597370846e-04
2.507470301222542493e-04
2.362819161931518322e-04
1.842533127727068762e-04
1.014947881966888666e-04
-2.224162120586870776e-17
-1.048452284795752963e-04
-1.966354101160641460e-04
-2.605504815344892211e-04
-2.857743585507730344e-04
-2.673289093580864979e-04
-2.070122993034823511e-04
-1.132703717043054016e-04
8.265037365715569737e-18
1.155433220168011245e-04
2.154133584319428913e-04
2.837980204791258642e-04
3.095511740617249178e-04
2.880221237828052691e-04
2.218810452660676129e-04
1.207960641401354502e-04
-7.469647915746906996e-18
-1.220372566441188636e-04
-2.264699522683218168e-04
-2.970223859914062400e-04
-3.225538249143889672e-04
-2.988342511923935377e-04
-2.292458086548994627e-04
-1.242938904139918714e-04
-2.511482043106710139e-17
1.245742234104101976e-04
2.302844395594143452e-04
3.008784764763323223e-04
3.255215390788256352e-04
3.004756303595834590e-04
2.296706923795571861e-04
1.240799135403679754e-04
5.108161861393824395e-18
-1.234909655251322294e-04
-2.274973402908095084e-04
-2.962263735488899737e-04
-3.194096058862022029e-04
-2.938506097802377108e-04
-2.238639727449545538e-04
-1.205458748381009742e-04
-1.615280948081048397e-17
1.191951770969145390e-04
2.188758825228245613e-04
2.840859552168322833e-04
3.053400319835477823e-04
2.800117841269152402e-04
2.126429585969683521e-04
1.141401240846744354e-04
-1.876493172626209887e-17
-1.121463608792704162e-04
-2.052785936736065131e-04
-2.655906064517550894e-04
-2.845514365011083367e-04
-2.601137261048458134e-04
-1.968986148385460267e-04
-1.053485029574886405e-04
-4.769494548720977336e-18
1.028367987383738385e-04
1.876202452272877994e-04
2.419415791842123564e-04
2.583498500172010516e-04
2.353677367308289019e-04
1.775611040855600389e-04
9.467579946078782374e-05
-1.152641543592205809e-17
-9.177323828579413557e-05
-1.668382519865123489e-04
-2.143644216171238729e-04
-2.280619332167385833e-04
-2.069989945549173570e-04
-1.555672873326542887e-04
-8.262832790190458541e-05
1.144235733351705469e-18
7.945983206851226193e-05
1.438614995998895453e-04
1.840687258782151879e-04
1.949919415099005777e-04
1.762073049601277364e-04
1.318310840839771454e-04
6.969811135766329350e-05
-5.553825250460895126e-18
-6.638278497147395956e-05
-1.195824221945866858e-04
-1.522122411303488548e-04
-1.603835397767975853e-04
-1.441324423122122692e-04
-1.072174306144104490e-04
-5.634905480877067986e-05
-1.855524123958808372e-17
5.299707449898620465e-05
9.483298190715296018e-05
1.198701747488821831e-04
1.253873259953986147e-04
1.118248489330418027e-04
8.252039842573080555e-05
4.300540080349623298e-05
-3.341478395139440144e-19
-3.971551096356536523e-05
-7.036502064624101840e-05
-8.801026584121710136e-05
-9.103466335216259752e-05
-8.022221447324847906e-05
-5.844585034319971738e-05
-3.004265930875173977e-05
-9.584755365693952782e-18
2.690030401555911928e-05
4.683526832705308302e-05
5.747397210700320807e-05
5.821815710600138939e-05
5.013221611222476193e-05
3.559882579994556287e-05
1.778110296818245393e-05
-1.579806679298700248e-17
-1.485720199681993453e-05
-2.479510774747164937e-05
-2.896387145359975300e-05
-2.767885429075793462e-05
-2.222146264991428240e-05
-1.447566618365884001e-05
-6.481821793093352449e-06
-3.286941414950779557e-18
3.832174740767640316e-06
4.685020504517962217e-06
3.037152029246958660e-06
-8.789292559488237855e-18
-2.989538054714774367e-06
-4.539278312727237069e-06
-3.654759408743654126e-06
-9.973513477577915758e-18
5.989478203704970932e-06
1.316652339760958602e-05
1.989514423288030678e-05
2.439303864687125117e-05
2.512577157874526287e-05
2.117267171505774875e-05
1.248807896302305872e-05
-1.477845805546421944e-17
-1.448179062108081177e-05
-2.854011235493622833e-05
-3.956364248216060663e-05
-4.522726397757357756e-05
-4.395202841397985021e-05
-3.525738821568682926e-05
-1.993459939200132648e-05
-2.207464346594934360e-17
2.157482708268198209e-05
4.131887617110724468e-05
5.583159044153954094e-05
6.237169815013282809e-05
5.936283742708689515e-05
4.672443100787503561e-05
2.596323546555721055e-05
5.300489276040093448e-18
-2.724973038612711092e-05
-5.147899856321832315e-05
-6.868203642336468111e-05
-7.582305840791437842e-05
-7.136883290129484789e-05
-5.559220357578277641e-05
-3.058939425864339338e-05
-8.419951171824437986e-19
3.153247186368845839e-05
5.907791779027263805e-05
7.820209841081017554e-05
8.568840532390999815e-05
8.008043791742152858e-05
6.195381382805755107e-05
3.386799776651749195e-05
-5.932701299389301488e-18
-3.448667902223280447e-05
-6.424091025387584984e-05
-8.456523530568495846e-05
-9.216575307129400000e-05
-8.568977988479241901e-05
-6.596311313611818202e-05
-3.588586839860323621e-05
-9.672443047966625760e-18
3.620592085817288041e-05
6.714675921496793612e-05
8.801243633985772941e-05
9.552363106196119140e-05
8.845174973449235472e-05
6.782016556466329536e-05
3.675385213950863977e-05
-1.355180976959423873e-17
-3.680582196522180235e-05
-6.801319036555304742e-05
-8.883321363480669837e-05
-9.608054807517827441e-05
-8.866507672450444104e-05
-6.775680909161759023e-05
-3.659903432186571601e-05
3.264147649248121178e-18
3.641635334862213614e-05
6.708271007500279015e-05
8.734721899354252724e-05
9.418523667108670702e-05
8.665421928660084136e-05
6.602291303410295247e-05
3.555737028786379886e-05
4.105409614568318950e-19
-3.517461226489375180e-05
-6.460941375046842046e-05
-8.388721332364872194e-05
-9.019845183450563464e-05
-8.275277321638200439e-05
-6.287385765791995019e-05
-3.376700962274308335e-05
-4.083547627376979590e-18
3.321835742245523893e-05
6.084724466796262275e-05
7.878400064294570836e-05
8.447696895615002552e-05
7.728897698965101436e-05
5.855966710458979617e-05
3.136254036136250318e-05
-5.070997171138909217e-18
-3.068051180048415221e-05
-5.604008216397047745e-05
-7.235380411808025800e-05
-7.736027869930150243e-05
-7.057375592771071657e-05
-5.331611985465610281e-05
-2.847032106933659063e-05
-1.207137542609915985e-17
2.768478569752591146e-05
5.041392691621410542e-05
6.488841521326018345e-05
6.916031674204002144e-05
6.289159858769673486e-05
4.735804676464608646e-05
2.520500660257352611e-05
5.469987805782233916e-18
-2.434251003775139802e-05
-4.417133507418497933e-05
-5.664829517101866666e-05
-6.015440176692198461e-05
-5.449440653019961024e-05
-4.087491018320571631e-05
-2.166731030773951679e-05
1.529687996945156866e-18
2.075070709758575465e-05
3.748813710980813729e-05
4.785865708294303702e-05
5.058139225961059206e-05
4.559830884476928425e-05
3.402864358453554537e-05
1.794298403849175588e-05
-1.495204459270688784e-18
-1.699136522857193796e-05
-3.051236615690141154e-05
-3.870841283992702836e-05
-4.064091823785818323e-05
-3.638329149715670134e-05
-2.695362411266842076e-05
-1.410294006639478551e-05
-5.278529646342443487e-18
1.313182823611604154e-05
2.336521865226737424e-05
2.935173790491394429e-05
3.049540396199199897e-05
2.699536417219040789e-05
1.975855452941589882e-05
1.020438796238145476e-05
-7.429004708038436085e-18
-9.226160948819955073e-06
-1.614378113735647974e-05
-1.991189306252715130e-05
-2.027447722380803014e-05
-1.755087856360056269e-05
-1.252994985596855951e-05
-6.292816687370836308e-06
-1.022433418717642966e-17
5.317311969736922484e-06
8.925184341166482165e-06
1.048685016225745288e-05
1.008126426889046109e-05
8.142525862927897038e-06
5.336860346998693809e-06
2.404618959773124324e-06
1.991358741198097408e-18
-1.439864028461187553e-06
-1.771791621886371608e-06
-1.156201487096462691e-06
