1.748283061424808450e-18
5.000455211503217505e-04
3.260878463172283445e-04
-3.510282248715265925e-04
-6.218245985501429226e-04
3.019539518906289938e-18
7.729541114932917713e-04
5.387763999961121125e-04
-6.100688547703105903e-04
-1.119843434749154786e-03
-3.927340074847170847e-18
1.440935840789335032e-03
1.008110400980019149e-03
-1.138722610491351480e-03
-2.076021925959276211e-03
2.343436826251493427e-17
2.614412068715750090e-03
1.805835113841391167e-03
-2.012867562610825764e-03
-3.621036793248858746e-03
-3.931423811235688852e-17
4.444491370527782134e-03
3.033464784294046847e-03
-3.343671922655416795e-03
-5.953360408749388058e-03
5.045369260372535719e-18
7.178404745262034585e-03
4.863507347266472075e-03
-5.327399860845090547e-03
-9.437087369927070132e-03
-1.596062928104378397e-17
1.130615494331895302e-02
7.651558271959880107e-03
-8.385132478944599260e-03
-1.488619213608996170e-02
1.053600993698734218e-16
1.802373536994573283e-02
1.230823648543412883e-02
-1.365263463846524798e-02
-2.462478061118085135e-02
-2.134207981263780394e-17
3.123950040989540572e-02
2.206461487480886746e-02
-2.556748938557024120e-02
-4.884318393467815961e-02
5.336528664629752922e-17
7.461628824511701286e-02
6.188049477662098397e-02
-9.324379713779874790e-02
-3.025668539774088450e-01
6.002201034788331446e-01
-3.025668539774088450e-01
-9.324379713779873402e-02
6.188049477662098397e-02
7.461628824511699898e-02
5.336528664629751689e-17
-4.884318393467815267e-02
-2.556748938557023426e-02
2.206461487480886399e-02
3.123950040989540225e-02
-2.134207981263780085e-17
-2.462478061118084094e-02
-1.365263463846524451e-02
1.230823648543412883e-02
1.802373536994573283e-02
1.053600993698734218e-16
-1.488619213608995476e-02
-8.385132478944599260e-03
7.651558271959876638e-03
1.130615494331894955e-02
-1.596062928104378089e-17
-9.437087369927066663e-03
-5.327399860845089680e-03
4.863507347266468606e-03
7.178404745262031983e-03
5.045369260372534178e-18
-5.953360408749385456e-03
-3.343671922655416361e-03
3.033464784294044245e-03
4.444491370527779532e-03
-3.931423811235688852e-17
-3.621036793248855711e-03
-2.012867562610825764e-03
1.805835113841389216e-03
2.614412068715748355e-03
2.343436826251490962e-17
-2.076021925959274043e-03
-1.138722610491351480e-03
1.008110400980017848e-03
1.440935840789333731e-03
-3.927340074847165455e-18
-1.119843434749153918e-03
-6.100688547703105903e-04
5.387763999961111367e-04
7.729541114932913376e-04
3.019539518906286471e-18
-6.218245985501424889e-04
-3.510282248715265925e-04
3.260878463172281277e-04
5.000455211503217505e-04
1.748283061424808450e-18
